$MeshFormat
2.2 0 8
$EndMeshFormat
$PhysicalNames
5
1 101 "inlet"
1 102 "outlet"
1 103 "walls"
1 104 "cylinder"
2 201 "fluid"
$EndPhysicalNames
$Nodes
888
1 0 0 0
2 2.2 0 0
3 2.2 0.41 0
4 0 0.41 0
5 0.25 0.2 0
6 0.2 0.25 0
7 0.15 0.2 0
8 0.2 0.15 0
9 0.04999999999990428 0 0
10 0.09999999999980318 0 0
11 0.1499999999997077 0 0
12 0.1999999999996354 0 0
13 0.2499999999995607 0 0
14 0.2999999999994593 0 0
15 0.3499999999992983 0 0
16 0.3999999999991452 0 0
17 0.4499999999989989 0 0
18 0.4999999999988309 0 0
19 0.5499999999986629 0 0
20 0.599999999998495 0 0
21 0.6499999999983486 0 0
22 0.6999999999982023 0 0
23 0.7499999999980559 0 0
24 0.7999999999979096 0 0
25 0.84999999999772 0 0
26 0.8999999999975735 0 0
27 0.9499999999974272 0 0
28 0.9999999999972848 0 0
29 1.04999999999716 0 0
30 1.099999999997053 0 0
31 1.14999999999716 0 0
32 1.199999999997309 0 0
33 1.249999999997447 0 0
34 1.299999999997566 0 0
35 1.349999999997715 0 0
36 1.399999999997821 0 0
37 1.449999999997971 0 0
38 1.49999999999809 0 0
39 1.549999999998227 0 0
40 1.599999999998377 0 0
41 1.649999999998484 0 0
42 1.69999999999859 0 0
43 1.749999999998739 0 0
44 1.799999999998877 0 0
45 1.849999999998996 0 0
46 1.899999999999145 0 0
47 1.949999999999251 0 0
48 1.999999999999386 0 0
49 2.04999999999939 0 0
50 2.099999999999693 0 0
51 2.149999999999776 0 0
52 2.2 0.04555555555547456 0
53 2.2 0.09111111111091008 0
54 2.2 0.1366666666663298 0
55 2.2 0.1822222222217697 0
56 2.2 0.2277777777773205 0
57 2.2 0.273333333332957 0
58 2.2 0.318888888888644 0
59 2.2 0.3644444444443057 0
60 2.150000000000024 0.41 0
61 2.100000000000048 0.41 0
62 2.050000000000245 0.41 0
63 2.000000000000269 0.41 0
64 1.950000000000292 0.41 0
65 1.900000000000422 0.41 0
66 1.850000000000529 0.41 0
67 1.800000000000679 0.41 0
68 1.750000000000785 0.41 0
69 1.700000000000931 0.41 0
70 1.650000000001129 0.41 0
71 1.600000000001326 0.41 0
72 1.550000000001551 0.41 0
73 1.500000000001665 0.41 0
74 1.450000000001902 0.41 0
75 1.400000000002032 0.41 0
76 1.350000000002226 0.41 0
77 1.300000000002395 0.41 0
78 1.250000000002459 0.41 0
79 1.200000000002644 0.41 0
80 1.150000000002755 0.41 0
81 1.100000000002865 0.41 0
82 1.050000000002763 0.41 0
83 1.000000000002617 0.41 0
84 0.9500000000024824 0.41 0
85 0.900000000002368 0.41 0
86 0.8500000000022221 0.41 0
87 0.8000000000021192 0.41 0
88 0.7500000000019733 0.41 0
89 0.7000000000018587 0.41 0
90 0.6500000000017245 0.41 0
91 0.6000000000015786 0.41 0
92 0.5500000000014762 0.41 0
93 0.5000000000013736 0.41 0
94 0.4500000000012274 0.41 0
95 0.4000000000010933 0.41 0
96 0.3500000000009789 0.41 0
97 0.3000000000008329 0.41 0
98 0.2500000000007301 0.41 0
99 0.2000000000005997 0.41 0
100 0.1500000000005994 0.41 0
101 0.1000000000003003 0.41 0
102 0.05000000000022098 0.41 0
103 0 0.3644444444445457 0
104 0 0.3188888888891023 0
105 0 0.2733333333336769 0
106 0 0.2277777777782359 0
107 0 0.1822222222226839 0
108 0 0.1366666666670464 0
109 0 0.09111111111135822 0
110 0 0.04555555555569535 0
111 0.2497592363318012 0.2049008570348415 0
112 0.2490392640149607 0.2097545161269527 0
113 0.2478470167750589 0.2145142339008033 0
114 0.2461939766013656 0.2191341716766755 0
115 0.2440960631864328 0.2235698368992686 0
116 0.2415734805745627 0.2277785117116892 0
117 0.2386505226081089 0.2317196642813265 0
118 0.2353553389823862 0.2353553391362686 0
119 0.2317196641452769 0.2386505227197619 0
120 0.227778511593939 0.2415734806532409 0
121 0.2235698367989331 0.2440960632400633 0
122 0.2191341715927814 0.2461939766361156 0
123 0.2145142338420792 0.2478470167928727 0
124 0.2097545160833624 0.2490392640236314 0
125 0.2049008570153134 0.2497592363337245 0
126 0.1950991429651585 0.2497592363318012 0
127 0.1902454838730473 0.2490392640149607 0
128 0.1854857660991967 0.2478470167750589 0
129 0.1808658283233245 0.2461939766013656 0
130 0.1764301631007314 0.2440960631864328 0
131 0.1722214882883108 0.2415734805745627 0
132 0.1682803357186735 0.2386505226081089 0
133 0.1646446608637314 0.2353553389823862 0
134 0.1613494772802381 0.2317196641452769 0
135 0.1584265193467591 0.227778511593939 0
136 0.1559039367599367 0.2235698367989331 0
137 0.1538060233638844 0.2191341715927814 0
138 0.1521529832071273 0.2145142338420792 0
139 0.1509607359763687 0.2097545160833624 0
140 0.1502407636662755 0.2049008570153134 0
141 0.1502407636681988 0.1950991429651585 0
142 0.1509607359850393 0.1902454838730473 0
143 0.1521529832249411 0.1854857660991967 0
144 0.1538060233986344 0.1808658283233245 0
145 0.1559039368135672 0.1764301631007314 0
146 0.1584265194254373 0.1722214882883108 0
147 0.1613494773918911 0.1682803357186735 0
148 0.1646446610176139 0.1646446608637314 0
149 0.1682803358547231 0.1613494772802381 0
150 0.172221488406061 0.1584265193467591 0
151 0.1764301632010669 0.1559039367599367 0
152 0.1808658284072186 0.1538060233638844 0
153 0.1854857661579208 0.1521529832071273 0
154 0.1902454839166376 0.1509607359763687 0
155 0.1950991429846866 0.1502407636662755 0
156 0.2049008570348415 0.1502407636681988 0
157 0.2097545161269527 0.1509607359850393 0
158 0.2145142339008033 0.1521529832249411 0
159 0.2191341716766755 0.1538060233986344 0
160 0.2235698368992686 0.1559039368135672 0
161 0.2277785117116892 0.1584265194254373 0
162 0.2317196642813265 0.1613494773918911 0
163 0.2353553391362686 0.1646446610176139 0
164 0.2386505227197619 0.1682803358547231 0
165 0.2415734806532409 0.172221488406061 0
166 0.2440960632400633 0.1764301632010669 0
167 0.2461939766361156 0.1808658284072186 0
168 0.2478470167928727 0.1854857661579208 0
169 0.2490392640236314 0.1902454839166376 0
170 0.2497592363337245 0.1950991429846866 0
171 0.4197201914209583 0.3664330139795104 0
172 0.4267795473760876 0.040187148072398 0
173 2.16197269767201 0.2044878479802085 0
174 1.577027588371372 0.3653876693915859 0
175 1.425604842168925 0.3664547669969464 0
176 1.869813252117267 0.3698617292349011 0
177 1.725000000000859 0.3666987298109266 0
178 0.5749258040958791 0.04303740974391874 0
179 0.8249884501748461 0.04330973701757691 0
180 1.225000222391854 0.366698664959571 0
181 0.974994990985719 0.04330485029460008 0
182 1.124998613999048 0.04228201548810191 0
183 0.6727038830046765 0.362080168800221 0
184 1.32549161311283 0.04301743722492025 0
185 1.975134102821004 0.03937079922995868 0
186 1.025002596332788 0.3666975867121877 0
187 0.8750154358414864 0.3666934328820551 0
188 1.528162911581881 0.05266316058092502 0
189 1.680120581129444 0.04130575319731023 0
190 1.830251477280858 0.03680678480122161 0
191 0.322375698894188 0.370936666686387 0
192 0.3234678005034164 0.04402519085012493 0
193 2.024769068431173 0.3624286368273708 0
194 0.04036714379395782 0.2957994518527253 0
195 0.03583417605028121 0.1167213350864304 0
196 0.5233044988166738 0.3669808276630422 0
197 1.326188085025367 0.3673977271646276 0
198 1.224999999997383 0.0425078932277386 0
199 1.125000786161606 0.3666983983518473 0
200 1.424999983927764 0.04330126780459356 0
201 0.7750000000020462 0.3666987298106837 0
202 0.7248922554797096 0.0433531017281133 0
203 0.1190084705602008 0.03577610890462632 0
204 2.07499999999954 0.04330127018925956 0
205 0.03604630455414799 0.2101217979354509 0
206 0.1456578449990345 0.2026678959198332 0
207 0.2217074337050683 0.3730508236716918 0
208 0.220096846554348 0.04649990173725461 0
209 0.191162703256221 0.1456119119931385 0
210 0.2079680236173061 0.1463154779540742 0
211 2.163335793189664 0.2962828407213874 0
212 0.1250000000004499 0.3666987298107435 0
213 2.160968280911999 0.114201000978859 0
214 2.129314041983546 0.3710097032446396 0
215 0.1816522936908386 0.04572881364668737 0
216 0.2004787992529551 0.07156346324142415 0
217 0.2399668239209146 0.07644954954077129 0
218 0.2233475464636714 0.1507992794613068 0
219 0.2180645906842975 0.1036835771681983 0
220 0.256985062032464 0.05177687317106883 0
221 0.2675744994600495 0.07907290463935449 0
222 0.159987843565579 0.07198796166985148 0
223 0.1770130014784303 0.1514727405441391 0
224 0.1811182544010305 0.1021331072114157 0
225 0.2835660830067959 0.3718441830173707 0
226 0.3002943194305692 0.3338770082175655 0
227 0.2235068087307953 0.2493153376998124 0
228 0.2130990773808952 0.2528635699986312 0
229 0.3373464920098437 0.3353057398710638 0
230 0.3173781194356605 0.3066455954010861 0
231 0.2367152134408679 0.2409193493708805 0
232 0.3483166312944315 0.3042764039939529 0
233 0.327037336631221 0.2782070872835267 0
234 0.3603735543159106 0.2766626149667144 0
235 0.2468205453248598 0.2280338754799253 0
236 0.3438887542247616 0.2526423379074284 0
237 0.3745737333774948 0.2489562761281213 0
238 0.2512492719201678 0.2183062210097632 0
239 0.3520596532567467 0.2221162470456426 0
240 0.2512428541278557 0.1816675529672571 0
241 0.2543474266863649 0.1974013552727365 0
242 0.3891811548566156 0.2186048542798467 0
243 0.2466395955146776 0.1720531149756689 0
244 0.2404139622386168 0.1634665902776164 0
245 0.2883612085742874 0.3047175298115694 0
246 0.3688384308651079 0.1910417817865472 0
247 0.4053476095161941 0.1865424013014896 0
248 0.4267479605315279 0.2168352504192312 0
249 0.4438742072754466 0.1821681079628317 0
250 0.4669032039934615 0.2151844674026922 0
251 0.3180628011235628 0.2522257758113037 0
252 0.4856032310219465 0.1776935999135238 0
253 0.5103429623016132 0.2134004265329542 0
254 0.3360878274705815 0.1927442602176355 0
255 0.3489904797445317 0.1620422512204523 0
256 0.3158701681201118 0.1728828442250627 0
257 0.5295190215184891 0.1733259204126583 0
258 0.5552804949991597 0.2107387808508684 0
259 0.5753952687345554 0.1698041536212403 0
260 0.6019821995912098 0.2077920961195523 0
261 0.6226446106291407 0.1655492988637352 0
262 0.6496745445388828 0.2026870462113826 0
263 0.3100071700938472 0.1976474272129579 0
264 0.2916332901420371 0.1703283915790973 0
265 0.3019350901323544 0.1528222159915385 0
266 0.5031374372933575 0.1410271921349315 0
267 0.3892477998465607 0.2734126236564324 0
268 0.2782766912852048 0.1544285265323731 0
269 0.5809074115360948 0.2493085547717231 0
270 0.6708842024241158 0.1621538043941393 0
271 0.6982339535132992 0.1990971250723115 0
272 0.7195581740887464 0.1576311466372461 0
273 0.7474019591808991 0.1971076564620846 0
274 0.7206801734288873 0.2428603382802304 0
275 0.7750821539309665 0.2370180538386084 0
276 0.7967558423565275 0.1932517283920101 0
277 0.8247213938419006 0.2340869680917077 0
278 0.8463301833160616 0.1895668052019343 0
279 0.8743743534786297 0.2305397332633318 0
280 0.8960062646560143 0.1858378788414471 0
281 0.9241053038979763 0.2270397003239921 0
282 0.9459576504256859 0.1816811649270718 0
283 0.9739115478033864 0.2232840436626284 0
284 0.9959038641855553 0.1779114384767301 0
285 1.023746753697654 0.219545375731178 0
286 1.045539508090165 0.1745865665707976 0
287 1.073546969556562 0.2158817203788271 0
288 1.095266800139042 0.1715340444000201 0
289 1.123362958602859 0.21227020504209 0
290 1.145087543846281 0.1679230885590085 0
291 1.173200868419947 0.2085717873248622 0
292 1.194881201520024 0.1635349241960279 0
293 1.223041694089401 0.2047285061253831 0
294 1.24472323037116 0.1596645418487652 0
295 1.272892718429447 0.2009469431648918 0
296 0.2861990116495953 0.192734136782951 0
297 0.9522019351883507 0.2683441160362987 0
298 0.4902019476277287 0.2520084465882765 0
299 1.294723009327322 0.1578458206946137 0
300 1.322772715899987 0.1975168033538486 0
301 1.347218460120307 0.1600406475065066 0
302 1.372605421678876 0.1934417527218286 0
303 1.350924558533241 0.238547716049397 0
304 1.400803073227075 0.2350708626860813 0
305 1.424820868757683 0.1840720005323848 0
306 1.45105797039717 0.2304325579603988 0
307 1.472322746655474 0.1859495928187077 0
308 1.500382684912977 0.2270723776831542 0
309 1.522162789746621 0.1821729806363665 0
310 1.549561406495066 0.2259323009999887 0
311 1.571905434877298 0.1788561332171658 0
312 1.600214858622123 0.2197637819979306 0
313 1.621877996599992 0.1747773320267957 0
314 1.650281897678058 0.217449930451108 0
315 1.671790100472269 0.1711980317395746 0
316 1.700166522795431 0.2139816884859235 0
317 1.721662312112956 0.1675267858062645 0
318 1.749820553958293 0.2088719624350743 0
319 1.771488505356289 0.1635014632386455 0
320 1.799650055645666 0.2048382042540595 0
321 1.821363548553002 0.1597781632301971 0
322 1.849455116305507 0.2009599831560275 0
323 1.871110869955566 0.1560728139151375 0
324 1.899175287922714 0.1971674634821551 0
325 1.777951676065292 0.2498941670279917 0
326 1.920684428994258 0.1524024487260258 0
327 1.94860006142194 0.193458660117844 0
328 1.927118440123692 0.237961532869338 0
329 1.976311492460682 0.2341955767834934 0
330 1.997630055760896 0.1900092166594088 0
331 2.025144500616908 0.2303737531397052 0
332 2.046276089605221 0.1866040936421156 0
333 0.4236571271162018 0.1516423803528516 0
334 1.626993626510736 0.267060686610453 0
335 1.251154629168062 0.245291457667216 0
336 0.2885680678961332 0.1370316544834066 0
337 0.3115261838033762 0.1307195051202258 0
338 0.2681584677623708 0.1409675941657287 0
339 1.955048963240191 0.2786232972643232 0
340 0.9214095468962713 0.1366738942647364 0
341 1.593699815101116 0.1334820060411482 0
342 1.151441374172396 0.2526427861809343 0
343 1.476350262048812 0.2750450461418638 0
344 2.018877102971102 0.1459879373362694 0
345 1.070975362760249 0.1301287702452779 0
346 0.638324823801942 0.1247762732189653 0
347 1.74336903410165 0.1221990216719363 0
348 1.051740118188196 0.2597514670000317 0
349 0.8161557536576894 0.1527595327491187 0
350 1.892880338163492 0.1113223926587065 0
351 1.499254188252498 0.1376264556914647 0
352 2.06742894068028 0.1428785277123828 0
353 2.073119860353007 0.2269471320818894 0
354 2.052421042737523 0.2704186663288656 0
355 1.37909330046983 0.2797990647317888 0
356 1.905666553353623 0.2818998729752886 0
357 1.329234576439426 0.283544639446111 0
358 0.8080722101932861 0.2786519444516217 0
359 1.170611312253482 0.1231016683024669 0
360 0.263359742828587 0.1610366915746828 0
361 0.2517401264475629 0.1444228779281591 0
362 0.2324070294483767 0.1561835800654774 0
363 0.2569811877762206 0.129891568170331 0
364 0.2413479928240446 0.1340192930464578 0
365 0.2444788369863096 0.1197384730768565 0
366 0.3208167216941779 0.2149476636387117 0
367 0.3694239021148257 0.3289762538642625 0
368 0.2304052368881535 0.1251780724387606 0
369 0.2732476160429615 0.1703249261462657 0
370 1.271014113117126 0.1199568700741226 0
371 1.938066465200146 0.3233035367337495 0
372 0.2534299018692778 0.3344942532474635 0
373 0.2957260278796191 0.1136850142164564 0
374 0.3208871643018902 0.1056378613667569 0
375 0.2987101223432023 0.2165433217207363 0
376 1.940054614413526 0.1092442889310541 0
377 2.036128844398889 0.1051585373575474 0
378 0.2599826959644666 0.1152203469580468 0
379 2.097084134321103 0.2708245990342247 0
380 2.079970257820294 0.3096243302482745 0
381 0.2602660172360192 0.1727749423828334 0
382 0.2673753407302145 0.1818340189454524 0
383 0.3003695980184014 0.2847516266612462 0
384 0.2782213531205905 0.2837292570258863 0
385 0.2870312428577339 0.2669634105715001 0
386 0.2689674707629979 0.2674455651818515 0
387 0.2594862540177305 0.2815065639521385 0
388 0.252265666680155 0.2656175308363313 0
389 0.2438976458907105 0.279374043928222 0
390 0.2625289442950757 0.256958642945469 0
391 0.2384450050886986 0.2665313347603419 0
392 0.2291900898121255 0.2775336487071982 0
393 0.2354584088571369 0.2923657526388392 0
394 0.2195764869214797 0.2901757128013873 0
395 0.1973410640302447 0.2541238848454865 0
396 0.2141188888820398 0.2758054039465417 0
397 0.203062670241573 0.2870982845977351 0
398 0.2089177864947021 0.3043453485074622 0
399 0.1905899121251029 0.2999458943559622 0
400 0.1823462797956636 0.2518980683894198 0
401 0.1861859103821094 0.2811617124423535 0
402 0.1728890470251979 0.2943217361043282 0
403 0.1696387397265987 0.2768640708563758 0
404 0.156403195213494 0.2323369846658982 0
405 0.1644254240871651 0.2401098677947038 0
406 0.1505914175083888 0.223432585636219 0
407 0.1556292684315261 0.288829080985646 0
408 0.1521920347521289 0.273721891781632 0
409 0.1375499003953924 0.283833613218837 0
410 0.1354337494091431 0.2644537309948966 0
411 0.1176917791181748 0.2788228017702122 0
412 0.1137932309988106 0.2583240475584954 0
413 0.1779068204144395 0.3121396356517677 0
414 0.1298948034892317 0.2435641598568556 0
415 0.1103580538009683 0.2386319027847379 0
416 0.09297519563113334 0.2512099578989838 0
417 0.1239373935082419 0.2250279840612598 0
418 0.1071215687443708 0.2206488759790025 0
419 0.1472121151376207 0.2132204245662631 0
420 0.1176027101008025 0.2103202469221054 0
421 0.1034469742791915 0.2040612001085752 0
422 0.1532852935203111 0.1718729145440697 0
423 0.159520937489495 0.1634131635950436 0
424 0.1482943857061965 0.1814571790493701 0
425 0.145435570837166 0.1920017033887941 0
426 0.1175893400704157 0.194094625416161 0
427 0.1008806383101882 0.1870924874824421 0
428 0.1151060096622794 0.173744379645671 0
429 0.09702879668977304 0.1693141371211975 0
430 0.1109773654945284 0.1548847517004805 0
431 0.09157514812679743 0.148459824781548 0
432 0.1086073643601641 0.1347987906894766 0
433 0.1282415205600642 0.14415564307354 0
434 0.1267218372948709 0.1217801185379456 0
435 0.1052204755551588 0.111553766471884 0
436 0.1452093912724413 0.1313387530088812 0
437 0.1225748984954521 0.3013268507291894 0
438 0.07448552530883824 0.163417489954845 0
439 0.2436030396364039 0.2565382000668218 0
440 0.08677100312093736 0.2136717477702697 0
441 0.09958954731794933 0.2953089808632388 0
442 0.1444248030440737 0.2499146384501119 0
443 0.1639165967689196 0.2557021033353246 0
444 0.1719173695758221 0.2467127533014213 0
445 0.1297279513884761 0.1821607529369163 0
446 0.132438589696925 0.195077997512963 0
447 0.1264026434190872 0.09824964818112523 0
448 0.1013448987723657 0.08383541807816762 0
449 0.1476525220071418 0.1492511092207781 0
450 0.1684603214396811 0.156654390006773 0
451 0.1607271936358199 0.1383123073514975 0
452 0.1600951760718563 0.1230431905591792 0
453 0.1733868546153857 0.1306436733096256 0
454 0.1352333997587263 0.1588565637057161 0
455 0.1340408375821772 0.209898013429964 0
456 0.2330902705378575 0.2561843784486705 0
457 0.1434946922098698 0.2377807570009229 0
458 0.1748074288617472 0.2635146299802459 0
459 0.1066528721102259 0.3251250892403356 0
460 0.2264182118802254 0.2649454842448622 0
461 0.08064808579106418 0.033695158902685 0
462 0.0371375457375227 0.2465463383084911 0
463 0.2743499211712428 0.2518813688788165 0
464 0.2669276139972132 0.2384281365737688 0
465 0.2528314939279304 0.2440995087173614 0
466 0.2805606338930114 0.2371129365736203 0
467 0.270966692103067 0.2280170057239043 0
468 0.2538089534134962 0.2079804392129755 0
469 0.2279185341986635 0.1386328219490987 0
470 0.2187400918001006 0.1307677496672829 0
471 1.908272499905094 0.0705877678035593 0
472 0.2649785006304908 0.2987355073915688 0
473 0.3010836384565452 0.083748927388096 0
474 0.1696752986756885 0.370128598445132 0
475 1.984946790774273 0.3196564735097111 0
476 2.085286681419801 0.09038618960657745 0
477 0.2174066375480514 0.1412323640026511 0
478 0.2088891883779097 0.1360439994359286 0
479 0.2085568736976192 0.124937751252107 0
480 0.1992782770014186 0.1305802439705412 0
481 0.1980782294843815 0.1190624479593582 0
482 0.2369725245109486 0.1459610810585581 0
483 0.3394050551652312 0.1280429255460864 0
484 0.3518713949246126 0.09901482519700298 0
485 0.3729198344243592 0.1244504810466898 0
486 0.3820046328205435 0.0886264347220234 0
487 0.3731457851756433 0.0420426072465013 0
488 0.2605693755927357 0.2289701797245582 0
489 0.2625745004973765 0.2192855304891053 0
490 0.2730044417635878 0.2168237511356997 0
491 0.2655498160054347 0.2098950030508201 0
492 0.2732628566527958 0.2074770362953577 0
493 0.2660741317472837 0.199519074642156 0
494 0.03640443547029083 0.154165442966769 0
495 0.2378897884262859 0.2480498917614095 0
496 0.06512527837103001 0.2672321567189992 0
497 0.1469808326790882 0.161620462788463 0
498 0.2446864498178618 0.1536817011391309 0
499 0.06637496822006883 0.1361425201797953 0
500 0.07548897137046316 0.3134624484952257 0
501 0.08292751937618725 0.3476715056003053 0
502 0.04416878557300188 0.3324131374403158 0
503 0.1527221370550906 0.2417379471522346 0
504 0.13880722910643 0.171718017302918 0
505 0.03709489044513649 0.07522180347074386 0
506 0.07211477837568638 0.1064801928978138 0
507 0.2316418672177759 0.2491418678830509 0
508 0.2536012699349803 0.1642941908365601 0
509 0.1375421657930026 0.3277385057830002 0
510 0.2953986048881406 0.2490087382944916 0
511 0.3096453960559529 0.2334153689177149 0
512 0.2843914851752321 0.2240219558561584 0
513 2.11569149775091 0.139295196824499 0
514 0.4731967611797037 0.367984749917375 0
515 0.4496466026738564 0.3290804186479576 0
516 0.1989304726966151 0.3450033997187644 0
517 0.4747389654290975 0.04119167943008126 0
518 0.454799520199869 0.07813934427036616 0
519 0.4999795385747873 0.07751872251331293 0
520 0.3680139474174098 0.3707321291503929 0
521 0.4956979155889347 0.3274255656286784 0
522 0.5431754296338184 0.3249206201782638 0
523 0.5721508216063766 0.3651218547585593 0
524 0.5911157239989793 0.3217631518875831 0
525 0.2403786583302423 0.2368290779394291 0
526 0.6217282775392593 0.3627294647399309 0
527 0.6432861994312042 0.3168416430057024 0
528 0.6957687916832964 0.3183441401002918 0
529 0.6698174990738063 0.2747109235549203 0
530 1.353648124472624 0.3241160218537932 0
531 0.1283854016469272 0.1688532113653885 0
532 0.2437453479978049 0.2325082644113488 0
533 0.2489899235504584 0.2326615358061788 0
534 0.249444816114737 0.22328760208104 0
535 0.2502924586683849 0.0993398462997776 0
536 0.1605615072959627 0.1502156707793235 0
537 0.1681216419363024 0.1455558688482538 0
538 0.1781993706898752 0.13981730408181 0
539 0.2009904427501907 0.1395377640573417 0
540 0.1920726026038556 0.1375009950197397 0
541 0.1865088639365034 0.1255266335643235 0
542 0.2187715515984006 0.2516153870695325 0
543 0.2172427849716707 0.2568418444285037 0
544 0.2108759510438097 0.2588291723492496 0
545 0.2416021941616403 0.2425014714322095 0
546 2.092209518535108 0.1837753396906432 0
547 0.1454611688128717 0.1973257481084656 0
548 0.1404659409772229 0.2000000000043267 0
549 0.2544035780821069 0.2026854303607187 0
550 0.254494193613916 0.1922932574740727 0
551 2.079051498272555 0.3619043706707383 0
552 0.2000419710450097 0.2735955581083088 0
553 0.7231810817491113 0.3635106470058528 0
554 0.7449148348771166 0.3221263589520397 0
555 0.2079512008598998 0.2536026422329171 0
556 0.2028547103559199 0.2587462934985141 0
557 2.00424092701846 0.2746451815289602 0
558 2.025227201954428 0.04148550376127121 0
559 0.2132813246239125 0.1467950519810194 0
560 0.252660378119473 0.2131866163775102 0
561 0.1563724872646099 0.1676079278714536 0
562 0.1505041488159584 0.1764357370465858 0
563 0.1813136427729204 0.1478874478030598 0
564 0.1853850494782741 0.1419325987384337 0
565 0.1718691036521633 0.1525662966603746 0
566 0.2184333003284542 0.1484823769702175 0
567 0.2279451357461369 0.1533686169991946 0
568 2.124459782904444 0.04398615775837422 0
569 0.5249406379480089 0.04124194994282857 0
570 0.5499995195907957 0.08570388796965843 0
571 0.605447624815958 0.08423691987278646 0
572 0.625746011177102 0.04153015481516634 0
573 0.6750304395357006 0.04164909154512314 0
574 0.7055660170064596 0.08350764136858711 0
575 0.7563819084550177 0.08406237159236314 0
576 0.1383862197463957 0.1885341852350293 0
577 0.1969973045941181 0.1447945916485014 0
578 0.1594262635584456 0.2377741722533397 0
579 1.969537630207216 0.1493098716558169 0
580 1.827777581508246 0.2459824654589533 0
581 1.80613070049943 0.2910685801509325 0
582 1.756296112853302 0.2948613995682018 0
583 1.787469955556785 0.3349038481763196 0
584 1.838138841482117 0.3300350996853458 0
585 0.7760460351462812 0.04289254416341347 0
586 0.8040989484859111 0.08219033636375697 0
587 0.8499854100291226 0.08657844741981925 0
588 1.843365614367277 0.1166354510774218 0
589 1.793423504693063 0.1204888532721186 0
590 1.761314046283763 0.07991058345897738 0
591 1.711458810148224 0.08251623150252407 0
592 1.692895986969983 0.1269726104646141 0
593 0.8749828832754731 0.04330075765755149 0
594 0.8982079811626711 0.09021243360525281 0
595 0.9246989381116801 0.04390493466080239 0
596 0.9479899915768562 0.0892054942921412 0
597 0.9993251288052869 0.0869816544015841 0
598 0.969356976526081 0.1344968947702728 0
599 1.643530472795181 0.1305868280784063 0
600 1.615410458123681 0.08835153161557889 0
601 1.565551162491522 0.09209939062077351 0
602 1.024885360780798 0.04301438485383596 0
603 1.074979336653393 0.0427328058498906 0
604 1.098016674437923 0.08499895749985681 0
605 1.174999834997482 0.04139047781207723 0
606 1.275573548631905 0.04114472153018501 0
607 1.525337950479887 0.3664802202273327 0
608 1.550822101639469 0.3211316883722768 0
609 1.603434886394994 0.3171151905490304 0
610 1.575730770724377 0.2748630148868349 0
611 1.655249963559408 0.3147623726799069 0
612 1.677438480825846 0.2627951664278768 0
613 1.500846242494777 0.3201306903260279 0
614 1.709655680473798 0.3136218762561824 0
615 1.627693537081754 0.3645183032389509 0
616 1.475298172524859 0.3660771903605085 0
617 1.451803717289901 0.3208335625052013 0
618 1.427122884436795 0.2767559028592607 0
619 1.275151518368137 0.3668420843261478 0
620 1.251318489394602 0.3245658486614708 0
621 1.201559665536663 0.3253124339550562 0
622 1.175260112351896 0.3670177778390686 0
623 1.151645007961451 0.3260919556144199 0
624 1.101618779918921 0.3267663385360207 0
625 1.075193921900653 0.367099048091669 0
626 1.05165038539414 0.3275391510705569 0
627 1.001638534266106 0.3281875871920214 0
628 0.9752820415721315 0.3674966952428548 0
629 0.9485469247172026 0.3188706828149319 0
630 0.9248086748925967 0.3660763910636194 0
631 0.8979882456613142 0.3225843498047204 0
632 0.8482276642846271 0.3231954892319756 0
633 0.825030755088259 0.3666721537909633 0
634 1.375081932838606 0.0432539642977899 0
635 1.400969427288813 0.08604275218913106 0
636 1.448960724689915 0.08438545986243147 0
637 1.425094040521741 0.1301987217602953 0
638 1.350102718811166 0.08602773339058752 0
639 1.47535393669896 0.04449207616660137 0
640 1.491852685552923 0.08997100167110972 0
641 1.547360451224512 0.1379557475829051 0
642 1.301000092014286 0.241398765458704 0
643 1.221871642876095 0.1201960105941299 0
644 1.201246889206473 0.248311085431221 0
645 1.728282309263926 0.2555295485884372 0
646 0.9024424318998714 0.2720136810827268 0
647 1.101507563793209 0.2550777398739633 0
648 1.001902747143388 0.2632356162618796 0
649 0.8648666789756713 0.1364355629803539 0
650 1.856639420380429 0.2855346608225506 0
651 0.1917862504013013 0.2539291982662624 0
652 0.1946752844416348 0.2594892668389881 0
653 0.1854580551907496 0.2593042197757423 0
654 0.1904944483068172 0.2674201296131209 0
655 0.2536925647084725 0.1869847211901447 0
656 0.2583112742756077 0.1816800934804516 0
657 0.2622435205174725 0.1895714629127545 0
658 0.2732290764495036 0.1905610325300626 0
659 0.7687839853565667 0.1565071074247765 0
660 0.2366035964584917 0.1595791793499911 0
661 0.2437310329475502 0.1675729134821934 0
662 0.3852928461846725 0.1571787603060903 0
663 0.1486463804277913 0.2183919104864033 0
664 0.1437148237632327 0.2224273002924173 0
665 0.1531185316755539 0.2282536209966487 0
666 1.577072675666567 0.04407823221041372 0
667 0.1460985991377046 0.2079972883414091 0
668 0.14517481764281 0.1106410690533707 0
669 1.985982107128284 0.1084594369891444 0
670 1.877638733265702 0.2415843297940521 0
671 2.031572772281188 0.3146033221476629 0
672 1.302427024552618 0.3248352257538182 0
673 2.163197252864679 0.249986666467669 0
674 0.1676953343003793 0.2437090996680314 0
675 0.1614638099645051 0.2455438383473461 0
676 0.1766519803987256 0.2496334969946841 0
677 0.1714969594524084 0.2529890759763472 0
678 0.1781521407398589 0.2554678982232878 0
679 2.161677515861903 0.1598491928155716 0
680 0.06510869541991689 0.2250795617673322 0
681 0.2492766250798878 0.1766928721490105 0
682 0.1635829341219521 0.1578562943868118 0
683 0.4071591271754291 0.3286030464309401 0
684 0.6308642531807372 0.2415992386026905 0
685 0.1752075409932976 0.1156308754978033 0
686 0.1870643670719917 0.2524035534442888 0
687 1.019916667602019 0.1325415279875892 0
688 1.973819169287593 0.3672601532409599 0
689 0.4483463699126681 0.2519124048089646 0
690 0.4709518495578101 0.2904237977006369 0
691 1.860941110224622 0.07508349897307491 0
692 0.8543921630821456 0.275173965556187 0
693 1.526173147460698 0.2723154283152214 0
694 0.1461259377857254 0.1866643903458757 0
695 0.1409418748717274 0.181204170128408 0
696 0.421151139860553 0.2886062920650289 0
697 0.2286477879508725 0.1475748684276498 0
698 0.5475955663848598 0.1329512183978528 0
699 0.5350572274162799 0.2501893838269596 0
700 2.121940429274868 0.2273681629727616 0
701 0.2075459274007886 0.2661547834214382 0
702 0.216979603037306 0.2649906699048222 0
703 0.2247874092583792 0.2564419873693594 0
704 0.4617715851901886 0.1470450440198578 0
705 1.048016421839945 0.08673301680633909 0
706 1.628240832858125 0.04247889680978575 0
707 0.2192734668700678 0.1181228364291218 0
708 1.375000000002129 0.3692781247358014 0
709 2.161781486501556 0.3416666666664747 0
710 2.163274510256151 0.06960079764229053 0
711 0.1554603742381742 0.1574976450944594 0
712 1.919371818236303 0.3671404531137927 0
713 0.795123354802326 0.3233182743368904 0
714 0.2555647013543879 0.2225301256807626 0
715 0.06839355611699935 0.2010126839282664 0
716 1.298220359337691 0.08152498365795448 0
717 2.121411863955175 0.3184101826800786 0
718 0.1504804201755895 0.2337267895295866 0
719 0.2457429864494761 0.2472513670174426 0
720 1.402045478140034 0.3228729072804653 0
721 1.121659615572352 0.1263631637417811 0
722 0.2815736714830541 0.1819914065646921 0
723 1.661942857004106 0.08536864194470321 0
724 0.5157268903448072 0.2883228644020409 0
725 1.277358586764461 0.2839981570222 0
726 0.1474257279598999 0.1712978413616805 0
727 0.07266308997201673 0.06532170351944709 0
728 0.2467176931768233 0.1613993792480242 0
729 0.285393271998486 0.05801549715748499 0
730 1.887949391794981 0.3262958920942714 0
731 0.5914507110450663 0.1279743475565401 0
732 0.3313568011268495 0.08025169209872769 0
733 0.2466221096758616 0.238609522959052 0
734 0.1941819493089012 0.3210326333721361 0
735 0.2225374224620125 0.3233097543084838 0
736 0.2261311033335638 0.304376335565689 0
737 0.2450116752114986 0.3084308124249607 0
738 0.2322168232525255 0.2440515575535955 0
739 0.1462109923842778 0.0899377284251123 0
740 1.149409988534233 0.08132190954142939 0
741 1.7283206473279 0.03904694386407819 0
742 0.1415532426178155 0.2116257828544674 0
743 0.1359835542781661 0.2186470012275971 0
744 0.1370335034696744 0.2284961522716541 0
745 1.67793319685298 0.3632668803309944 0
746 0.40820802639757 0.2497212835596042 0
747 0.0491217449309136 0.3698801658352611 0
748 0.2375739979314851 0.1541713069351539 0
749 0.4036792980358588 0.1194553947563915 0
750 0.202714981177715 0.1456371228887443 0
751 1.372643241215499 0.1245260953150973 0
752 0.2316387298460773 0.1102921243115821 0
753 1.227535705947825 0.2852485666921111 0
754 0.2526755885048271 0.1718443114164642 0
755 0.04964843559684101 0.1821158071065697 0
756 0.27522010083341 0.1239123781316395 0
757 0.2531580017083229 0.2282248210446669 0
758 0.2591922790641183 0.2058299306476822 0
759 0.2593135729968614 0.1999999999960771 0
760 0.2581738793246703 0.211571504087915 0
761 1.821478815376139 0.372690488820885 0
762 0.1302774889223097 0.06985465751771359 0
763 0.1404497782473536 0.2059331297423306 0
764 0.2698539949049101 0.3200543240379073 0
765 0.6570786783650797 0.08369752182007696 0
766 1.199999999997319 0.07847460300720575 0
767 0.3309280649296096 0.2341112487913197 0
768 1.780960483753679 0.03990855406371824 0
769 0.1867185291163948 0.1477091355436256 0
770 0.1880424518238975 0.1131920427065174 0
771 0.1993434723100982 0.1016317775408359 0
772 0.5612957179150453 0.2856426194106985 0
773 0.09475183333467958 0.2726192851680675 0
774 0.087835745988519 0.1276108353913657 0
775 0.2497664969215134 0.2920825360671458 0
776 1.177631837488331 0.287185529853755 0
777 0.2026095664522756 0.2532464113821284 0
778 2.128979015568832 0.09093617954924811 0
779 0.3826120257679517 0.3000895391628885 0
780 0.7177972755113942 0.2866083136953009 0
781 0.2796833911281542 0.02697893828125702 0
782 0.1691544584537528 0.3333658852932598 0
783 0.1829236032684828 0.1342314423236369 0
784 0.2563922422929879 0.2171063997354419 0
785 0.2543544718448395 0.1769319544792034 0
786 0.1433671170097876 0.2169649274247984 0
787 0.0798068795373329 0.1835491522987344 0
788 0.1811662658677261 0.2708062555869836 0
789 0.1420541273473012 0.302745865489483 0
790 0.08874927606285062 0.23290768559272 0
791 0.283038714218711 0.2121841627446485 0
792 0.1409668923956082 0.1941857463726813 0
793 1.772512710417803 0.3727485869545399 0
794 1.248613277326253 0.08063418034855607 0
795 0.2939560613570247 0.2336554652497262 0
796 1.81170937276721 0.07813895427442211 0
797 0.6128811341893111 0.281644355205553 0
798 0.0400676777013536 0.03663237024142854 0
799 0.2749799035437459 0.1024965696055618 0
800 1.127146932458091 0.2895858163634594 0
801 0.6905660472024131 0.1245721306504359 0
802 0.759571689420149 0.2798312883057553 0
803 0.1643519641927911 0.09897681562847895 0
804 0.4803616512143321 0.111526880424032 0
805 0.08785981027292987 0.1978774543176575 0
806 0.06998667975401873 0.2463627779178876 0
807 0.1591959812442033 0.3098567848845808 0
808 0.2106602507269725 0.1423888875854388 0
809 0.6738540847471226 0.232190934344307 0
810 0.3231570509501247 0.1484147815452295 0
811 0.1547580524738625 0.250838952492465 0
812 0.1527255137130129 0.2602907960198096 0
813 0.2535303277289593 0.1549552210899752 0
814 1.322320316988185 0.121653691773147 0
815 1.877912510405438 0.0342115524079906 0
816 0.1464055648003848 0.2290195342879081 0
817 0.1481852193477272 0.04466950834777576 0
818 0.258910145543702 0.1949436357370154 0
819 0.2276844643898813 0.2466923338988926 0
820 1.077118534511335 0.2917071604853665 0
821 1.745157996572547 0.3327448314100627 0
822 2.131241477901074 0.1824130088302013 0
823 0.4161436572065397 0.07726993156470331 0
824 0.7401430151571911 0.1230554195738617 0
825 0.2316357505949233 0.09389582732468155 0
826 0.2216766984029241 0.270818801700856 0
827 0.1991424427467968 0.2650851194812365 0
828 0.1449417739220706 0.1764991338128057 0
829 0.1272711460979399 0.2147323722531994 0
830 0.2921393714573833 0.2016439010352467 0
831 0.3568848221206804 0.06954612155580435 0
832 0.2231507612979426 0.1453443421621848 0
833 0.2086633266092928 0.1134876780699242 0
834 0.271878490630877 0.3444743773321277 0
835 0.4400688064938317 0.114179829231367 0
836 1.926474646181648 0.03408056340778374 0
837 0.2520273515286305 0.362953664336318 0
838 1.392835282606209 0.160890827225987 0
839 0.2327092951175639 0.1514518906972067 0
840 1.457042776239508 0.1508496766263673 0
841 0.2061050065122085 0.1418626201469384 0
842 0.2414507935111753 0.1584863129643028 0
843 1.02719191289261 0.2939481235396583 0
844 0.07506455483761598 0.2888844646196513 0
845 2.168219105697025 0.3794241628710839 0
846 2.167172612697137 0.03199056069543483 0
847 0.1626560627644814 0.2660186983946776 0
848 0.2530444867034614 0.2528108708440142 0
849 0.255330770528434 0.236489217516668 0
850 0.5199918524784303 0.1073235423642041 0
851 0.1673028615076734 0.2489347257353237 0
852 0.0814098528616144 0.3808500802492619 0
853 0.7852558707040405 0.1186657860806744 0
854 0.3055799167038119 0.2662313277244137 0
855 0.2297265164523209 0.3477623790565443 0
856 1.952874099057042 0.07167858549529486 0
857 0.1666341015622105 0.1513860316349987 0
858 0.2789442518624201 0.1993421317308145 0
859 0.1347804655715744 0.2030168745645547 0
860 0.3910792920321557 0.3486861108562765 0
861 0.2275879682334539 0.2518662327797644 0
862 0.2619511186842122 0.150147454813866 0
863 2.134566922341675 0.2733333333329321 0
864 2.00168700883854 0.07056936205910744 0
865 0.9809741412419788 0.2935930054642618 0
866 0.1538556241243638 0.1634203573505827 0
867 0.1711537868641222 0.1395523526876074 0
868 0.03746125709547235 0.2711037814265465 0
869 0.1503429807307235 0.3494829298330339 0
870 0.02478043623278364 0.3885811525699516 0
871 0.8240725323704871 0.1153259331187446 0
872 0.2489007472327443 0.1673138684130261 0
873 2.048654467802238 0.06899389716563561 0
874 0.151400991921311 0.1671063826747483 0
875 0.1265597113839353 0.203684567035486 0
876 0.1007884068035914 0.05769660938452791 0
877 0.1978767578846893 0.373082503739367 0
878 1.527908576122766 0.1024729706754574 0
879 0.2186763614246282 0.08251767454087244 0
880 0.1547580040006549 0.2363939734002648 0
881 0.174611757898969 0.1461420017708741 0
882 0.2213570022868953 0.2608049964868868 0
883 0.2608355384372262 0.2467779575793496 0
884 0.1811554379022154 0.08200365648978225 0
885 2.053840899201302 0.3371401649735116 0
886 0.1233260515359594 0.1589662241859447 0
887 1.464440883051317 0.1186062631223337 0
888 0.2969818877311175 0.1861857044055198 0
$EndNodes
$Elements
1776
1 1 2 103 1 1 9
2 1 2 103 1 9 10
3 1 2 103 1 10 11
4 1 2 103 1 11 12
5 1 2 103 1 12 13
6 1 2 103 1 13 14
7 1 2 103 1 14 15
8 1 2 103 1 15 16
9 1 2 103 1 16 17
10 1 2 103 1 17 18
11 1 2 103 1 18 19
12 1 2 103 1 19 20
13 1 2 103 1 20 21
14 1 2 103 1 21 22
15 1 2 103 1 22 23
16 1 2 103 1 23 24
17 1 2 103 1 24 25
18 1 2 103 1 25 26
19 1 2 103 1 26 27
20 1 2 103 1 27 28
21 1 2 103 1 28 29
22 1 2 103 1 29 30
23 1 2 103 1 30 31
24 1 2 103 1 31 32
25 1 2 103 1 32 33
26 1 2 103 1 33 34
27 1 2 103 1 34 35
28 1 2 103 1 35 36
29 1 2 103 1 36 37
30 1 2 103 1 37 38
31 1 2 103 1 38 39
32 1 2 103 1 39 40
33 1 2 103 1 40 41
34 1 2 103 1 41 42
35 1 2 103 1 42 43
36 1 2 103 1 43 44
37 1 2 103 1 44 45
38 1 2 103 1 45 46
39 1 2 103 1 46 47
40 1 2 103 1 47 48
41 1 2 103 1 48 49
42 1 2 103 1 49 50
43 1 2 103 1 50 51
44 1 2 103 1 51 2
45 1 2 102 2 2 52
46 1 2 102 2 52 53
47 1 2 102 2 53 54
48 1 2 102 2 54 55
49 1 2 102 2 55 56
50 1 2 102 2 56 57
51 1 2 102 2 57 58
52 1 2 102 2 58 59
53 1 2 102 2 59 3
54 1 2 103 3 3 60
55 1 2 103 3 60 61
56 1 2 103 3 61 62
57 1 2 103 3 62 63
58 1 2 103 3 63 64
59 1 2 103 3 64 65
60 1 2 103 3 65 66
61 1 2 103 3 66 67
62 1 2 103 3 67 68
63 1 2 103 3 68 69
64 1 2 103 3 69 70
65 1 2 103 3 70 71
66 1 2 103 3 71 72
67 1 2 103 3 72 73
68 1 2 103 3 73 74
69 1 2 103 3 74 75
70 1 2 103 3 75 76
71 1 2 103 3 76 77
72 1 2 103 3 77 78
73 1 2 103 3 78 79
74 1 2 103 3 79 80
75 1 2 103 3 80 81
76 1 2 103 3 81 82
77 1 2 103 3 82 83
78 1 2 103 3 83 84
79 1 2 103 3 84 85
80 1 2 103 3 85 86
81 1 2 103 3 86 87
82 1 2 103 3 87 88
83 1 2 103 3 88 89
84 1 2 103 3 89 90
85 1 2 103 3 90 91
86 1 2 103 3 91 92
87 1 2 103 3 92 93
88 1 2 103 3 93 94
89 1 2 103 3 94 95
90 1 2 103 3 95 96
91 1 2 103 3 96 97
92 1 2 103 3 97 98
93 1 2 103 3 98 99
94 1 2 103 3 99 100
95 1 2 103 3 100 101
96 1 2 103 3 101 102
97 1 2 103 3 102 4
98 1 2 101 4 4 103
99 1 2 101 4 103 104
100 1 2 101 4 104 105
101 1 2 101 4 105 106
102 1 2 101 4 106 107
103 1 2 101 4 107 108
104 1 2 101 4 108 109
105 1 2 101 4 109 110
106 1 2 101 4 110 1
107 1 2 104 5 5 111
108 1 2 104 5 111 112
109 1 2 104 5 112 113
110 1 2 104 5 113 114
111 1 2 104 5 114 115
112 1 2 104 5 115 116
113 1 2 104 5 116 117
114 1 2 104 5 117 118
115 1 2 104 5 118 119
116 1 2 104 5 119 120
117 1 2 104 5 120 121
118 1 2 104 5 121 122
119 1 2 104 5 122 123
120 1 2 104 5 123 124
121 1 2 104 5 124 125
122 1 2 104 5 125 6
123 1 2 104 6 6 126
124 1 2 104 6 126 127
125 1 2 104 6 127 128
126 1 2 104 6 128 129
127 1 2 104 6 129 130
128 1 2 104 6 130 131
129 1 2 104 6 131 132
130 1 2 104 6 132 133
131 1 2 104 6 133 134
132 1 2 104 6 134 135
133 1 2 104 6 135 136
134 1 2 104 6 136 137
135 1 2 104 6 137 138
136 1 2 104 6 138 139
137 1 2 104 6 139 140
138 1 2 104 6 140 7
139 1 2 104 7 7 141
140 1 2 104 7 141 142
141 1 2 104 7 142 143
142 1 2 104 7 143 144
143 1 2 104 7 144 145
144 1 2 104 7 145 146
145 1 2 104 7 146 147
146 1 2 104 7 147 148
147 1 2 104 7 148 149
148 1 2 104 7 149 150
149 1 2 104 7 150 151
150 1 2 104 7 151 152
151 1 2 104 7 152 153
152 1 2 104 7 153 154
153 1 2 104 7 154 155
154 1 2 104 7 155 8
155 1 2 104 8 8 156
156 1 2 104 8 156 157
157 1 2 104 8 157 158
158 1 2 104 8 158 159
159 1 2 104 8 159 160
160 1 2 104 8 160 161
161 1 2 104 8 161 162
162 1 2 104 8 162 163
163 1 2 104 8 163 164
164 1 2 104 8 164 165
165 1 2 104 8 165 166
166 1 2 104 8 166 167
167 1 2 104 8 167 168
168 1 2 104 8 168 169
169 1 2 104 8 169 170
170 1 2 104 8 170 5
171 2 2 201 1 231 495 738
172 2 2 201 1 297 629 646
173 2 2 201 1 255 483 485
174 2 2 201 1 442 414 457
175 2 2 201 1 611 614 745
176 2 2 201 1 551 380 717
177 2 2 201 1 609 334 611
178 2 2 201 1 215 208 216
179 2 2 201 1 629 631 646
180 2 2 201 1 476 204 568
181 2 2 201 1 268 360 862
182 2 2 201 1 482 361 498
183 2 2 201 1 171 520 860
184 2 2 201 1 550 655 657
185 2 2 201 1 267 696 779
186 2 2 201 1 219 771 879
187 2 2 201 1 653 458 678
188 2 2 201 1 476 568 778
189 2 2 201 1 214 551 717
190 2 2 201 1 334 609 610
191 2 2 201 1 587 594 649
192 2 2 201 1 463 390 883
193 2 2 201 1 433 436 449
194 2 2 201 1 410 414 442
195 2 2 201 1 486 487 823
196 2 2 201 1 696 683 779
197 2 2 201 1 425 576 694
198 2 2 201 1 310 312 610
199 2 2 201 1 372 735 737
200 2 2 201 1 457 414 744
201 2 2 201 1 392 396 826
202 2 2 201 1 205 107 755
203 2 2 201 1 212 459 509
204 2 2 201 1 458 443 677
205 2 2 201 1 417 420 829
206 2 2 201 1 268 264 369
207 2 2 201 1 450 682 857
208 2 2 201 1 414 417 744
209 2 2 201 1 426 445 446
210 2 2 201 1 653 400 686
211 2 2 201 1 256 254 263
212 2 2 201 1 71 174 615
213 2 2 201 1 782 509 807
214 2 2 201 1 386 390 463
215 2 2 201 1 458 653 788
216 2 2 201 1 439 391 456
217 2 2 201 1 369 264 722
218 2 2 201 1 192 473 729
219 2 2 201 1 594 340 649
220 2 2 201 1 646 631 692
221 2 2 201 1 445 504 695
222 2 2 201 1 653 654 788
223 2 2 201 1 449 451 536
224 2 2 201 1 449 436 451
225 2 2 201 1 631 632 692
226 2 2 201 1 195 505 506
227 2 2 201 1 689 696 746
228 2 2 201 1 503 578 675
229 2 2 201 1 191 225 226
230 2 2 201 1 209 540 577
231 2 2 201 1 255 485 662
232 2 2 201 1 496 416 773
233 2 2 201 1 216 208 879
234 2 2 201 1 364 361 482
235 2 2 201 1 529 527 797
236 2 2 201 1 388 391 439
237 2 2 201 1 312 334 610
238 2 2 201 1 229 367 520
239 2 2 201 1 107 494 755
240 2 2 201 1 771 224 884
241 2 2 201 1 684 529 797
242 2 2 201 1 385 384 386
243 2 2 201 1 487 172 823
244 2 2 201 1 360 369 381
245 2 2 201 1 467 464 488
246 2 2 201 1 381 656 785
247 2 2 201 1 696 267 746
248 2 2 201 1 614 177 745
249 2 2 201 1 446 445 576
250 2 2 201 1 254 239 366
251 2 2 201 1 713 554 802
252 2 2 201 1 358 713 802
253 2 2 201 1 459 212 501
254 2 2 201 1 381 382 656
255 2 2 201 1 608 613 693
256 2 2 201 1 171 95 520
257 2 2 201 1 340 594 596
258 2 2 201 1 473 192 732
259 2 2 201 1 542 227 703
260 2 2 201 1 191 229 520
261 2 2 201 1 378 535 799
262 2 2 201 1 386 388 390
263 2 2 201 1 680 440 790
264 2 2 201 1 208 13 220
265 2 2 201 1 506 505 727
266 2 2 201 1 360 268 369
267 2 2 201 1 698 570 731
268 2 2 201 1 229 226 230
269 2 2 201 1 400 653 678
270 2 2 201 1 464 463 883
271 2 2 201 1 230 226 245
272 2 2 201 1 433 449 454
273 2 2 201 1 467 488 489
274 2 2 201 1 494 195 499
275 2 2 201 1 193 475 671
276 2 2 201 1 256 263 888
277 2 2 201 1 487 486 831
278 2 2 201 1 442 457 503
279 2 2 201 1 439 456 495
280 2 2 201 1 215 216 884
281 2 2 201 1 615 611 745
282 2 2 201 1 208 217 879
283 2 2 201 1 465 849 883
284 2 2 201 1 438 494 499
285 2 2 201 1 454 449 497
286 2 2 201 1 426 428 445
287 2 2 201 1 383 245 384
288 2 2 201 1 413 782 807
289 2 2 201 1 470 469 477
290 2 2 201 1 263 366 375
291 2 2 201 1 632 358 692
292 2 2 201 1 340 596 598
293 2 2 201 1 488 464 849
294 2 2 201 1 386 387 388
295 2 2 201 1 70 71 615
296 2 2 201 1 570 571 731
297 2 2 201 1 735 736 737
298 2 2 201 1 346 765 801
299 2 2 201 1 495 231 545
300 2 2 201 1 655 656 657
301 2 2 201 1 358 632 713
302 2 2 201 1 395 556 652
303 2 2 201 1 475 193 688
304 2 2 201 1 264 256 888
305 2 2 201 1 12 208 215
306 2 2 201 1 765 574 801
307 2 2 201 1 489 488 714
308 2 2 201 1 188 601 878
309 2 2 201 1 217 221 535
310 2 2 201 1 103 502 747
311 2 2 201 1 613 343 693
312 2 2 201 1 183 527 528
313 2 2 201 1 230 245 383
314 2 2 201 1 383 384 385
315 2 2 201 1 638 751 814
316 2 2 201 1 500 194 844
317 2 2 201 1 397 401 552
318 2 2 201 1 601 188 666
319 2 2 201 1 233 230 383
320 2 2 201 1 338 268 862
321 2 2 201 1 194 496 844
322 2 2 201 1 582 614 645
323 2 2 201 1 174 609 615
324 2 2 201 1 191 226 229
325 2 2 201 1 385 386 463
326 2 2 201 1 366 239 767
327 2 2 201 1 388 389 391
328 2 2 201 1 416 496 806
329 2 2 201 1 414 415 417
330 2 2 201 1 751 301 814
331 2 2 201 1 192 729 781
332 2 2 201 1 682 536 857
333 2 2 201 1 106 205 462
334 2 2 201 1 103 104 502
335 2 2 201 1 430 433 886
336 2 2 201 1 16 172 487
337 2 2 201 1 478 477 808
338 2 2 201 1 183 526 527
339 2 2 201 1 191 97 225
340 2 2 201 1 497 449 711
341 2 2 201 1 314 316 612
342 2 2 201 1 201 554 713
343 2 2 201 1 380 551 885
344 2 2 201 1 590 768 796
345 2 2 201 1 368 364 469
346 2 2 201 1 600 706 723
347 2 2 201 1 768 190 796
348 2 2 201 1 274 529 809
349 2 2 201 1 499 195 506
350 2 2 201 1 461 203 876
351 2 2 201 1 255 254 256
352 2 2 201 1 371 712 730
353 2 2 201 1 236 233 251
354 2 2 201 1 465 719 733
355 2 2 201 1 343 613 617
356 2 2 201 1 451 453 867
357 2 2 201 1 396 552 701
358 2 2 201 1 110 1 798
359 2 2 201 1 662 485 749
360 2 2 201 1 552 401 654
361 2 2 201 1 706 189 723
362 2 2 201 1 310 610 693
363 2 2 201 1 614 612 645
364 2 2 201 1 719 545 733
365 2 2 201 1 529 274 780
366 2 2 201 1 12 13 208
367 2 2 201 1 712 176 730
368 2 2 201 1 90 91 526
369 2 2 201 1 540 539 577
370 2 2 201 1 771 216 879
371 2 2 201 1 371 475 688
372 2 2 201 1 251 510 511
373 2 2 201 1 201 553 554
374 2 2 201 1 10 203 461
375 2 2 201 1 10 11 203
376 2 2 201 1 88 89 553
377 2 2 201 1 386 384 387
378 2 2 201 1 600 601 666
379 2 2 201 1 233 383 854
380 2 2 201 1 98 99 207
381 2 2 201 1 100 212 474
382 2 2 201 1 576 425 792
383 2 2 201 1 695 504 828
384 2 2 201 1 106 107 205
385 2 2 201 1 226 225 834
386 2 2 201 1 222 215 884
387 2 2 201 1 474 212 869
388 2 2 201 1 371 688 712
389 2 2 201 1 469 364 482
390 2 2 201 1 263 375 830
391 2 2 201 1 494 438 755
392 2 2 201 1 216 771 884
393 2 2 201 1 263 254 366
394 2 2 201 1 410 412 414
395 2 2 201 1 410 442 812
396 2 2 201 1 265 264 268
397 2 2 201 1 183 90 526
398 2 2 201 1 600 666 706
399 2 2 201 1 495 507 738
400 2 2 201 1 556 395 777
401 2 2 201 1 14 15 192
402 2 2 201 1 296 722 888
403 2 2 201 1 462 205 680
404 2 2 201 1 680 790 806
405 2 2 201 1 245 226 764
406 2 2 201 1 104 105 194
407 2 2 201 1 108 109 195
408 2 2 201 1 541 453 685
409 2 2 201 1 504 497 726
410 2 2 201 1 246 239 254
411 2 2 201 1 530 197 672
412 2 2 201 1 396 397 552
413 2 2 201 1 417 418 420
414 2 2 201 1 96 97 191
415 2 2 201 1 108 195 494
416 2 2 201 1 251 233 854
417 2 2 201 1 610 608 693
418 2 2 201 1 380 379 717
419 2 2 201 1 333 662 749
420 2 2 201 1 694 576 695
421 2 2 201 1 687 597 705
422 2 2 201 1 381 369 382
423 2 2 201 1 443 675 851
424 2 2 201 1 491 489 760
425 2 2 201 1 458 677 678
426 2 2 201 1 203 11 817
427 2 2 201 1 217 220 221
428 2 2 201 1 11 215 817
429 2 2 201 1 175 708 720
430 2 2 201 1 391 392 460
431 2 2 201 1 390 388 848
432 2 2 201 1 343 617 618
433 2 2 201 1 760 489 784
434 2 2 201 1 334 314 612
435 2 2 201 1 360 381 508
436 2 2 201 1 735 372 855
437 2 2 201 1 543 542 703
438 2 2 201 1 519 569 570
439 2 2 201 1 363 361 364
440 2 2 201 1 535 221 799
441 2 2 201 1 596 597 598
442 2 2 201 1 195 109 505
443 2 2 201 1 91 523 526
444 2 2 201 1 466 464 467
445 2 2 201 1 98 207 837
446 2 2 201 1 433 434 436
447 2 2 201 1 849 464 883
448 2 2 201 1 717 379 863
449 2 2 201 1 220 13 781
450 2 2 201 1 721 604 740
451 2 2 201 1 221 473 799
452 2 2 201 1 192 15 487
453 2 2 201 1 440 680 715
454 2 2 201 1 587 649 871
455 2 2 201 1 497 711 866
456 2 2 201 1 392 394 396
457 2 2 201 1 401 403 788
458 2 2 201 1 531 428 886
459 2 2 201 1 357 530 672
460 2 2 201 1 345 687 705
461 2 2 201 1 495 456 507
462 2 2 201 1 451 452 453
463 2 2 201 1 469 482 697
464 2 2 201 1 612 316 645
465 2 2 201 1 578 503 880
466 2 2 201 1 11 12 215
467 2 2 201 1 1 9 798
468 2 2 201 1 336 268 338
469 2 2 201 1 598 597 687
470 2 2 201 1 401 402 403
471 2 2 201 1 483 255 810
472 2 2 201 1 683 367 779
473 2 2 201 1 611 334 612
474 2 2 201 1 609 611 615
475 2 2 201 1 430 432 433
476 2 2 201 1 225 98 837
477 2 2 201 1 385 510 854
478 2 2 201 1 536 682 711
479 2 2 201 1 359 721 740
480 2 2 201 1 100 101 212
481 2 2 201 1 563 538 564
482 2 2 201 1 368 469 470
483 2 2 201 1 791 492 858
484 2 2 201 1 448 435 506
485 2 2 201 1 97 98 225
486 2 2 201 1 224 803 884
487 2 2 201 1 232 230 233
488 2 2 201 1 517 18 569
489 2 2 201 1 104 194 502
490 2 2 201 1 89 183 553
491 2 2 201 1 201 88 553
492 2 2 201 1 496 773 844
493 2 2 201 1 397 399 401
494 2 2 201 1 177 614 821
495 2 2 201 1 105 106 462
496 2 2 201 1 640 188 878
497 2 2 201 1 490 489 491
498 2 2 201 1 99 100 474
499 2 2 201 1 305 637 840
500 2 2 201 1 103 747 870
501 2 2 201 1 196 514 521
502 2 2 201 1 456 391 460
503 2 2 201 1 196 93 514
504 2 2 201 1 388 387 389
505 2 2 201 1 504 445 531
506 2 2 201 1 384 245 472
507 2 2 201 1 91 92 523
508 2 2 201 1 519 517 569
509 2 2 201 1 513 213 679
510 2 2 201 1 509 789 807
511 2 2 201 1 749 823 835
512 2 2 201 1 685 452 803
513 2 2 201 1 470 477 478
514 2 2 201 1 514 171 515
515 2 2 201 1 514 515 521
516 2 2 201 1 493 491 758
517 2 2 201 1 94 95 171
518 2 2 201 1 16 17 172
519 2 2 201 1 96 191 520
520 2 2 201 1 453 541 783
521 2 2 201 1 229 230 232
522 2 2 201 1 222 739 762
523 2 2 201 1 637 305 838
524 2 2 201 1 477 469 832
525 2 2 201 1 510 251 854
526 2 2 201 1 14 192 781
527 2 2 201 1 689 690 696
528 2 2 201 1 830 296 888
529 2 2 201 1 107 108 494
530 2 2 201 1 94 171 514
531 2 2 201 1 521 515 690
532 2 2 201 1 246 254 255
533 2 2 201 1 528 527 529
534 2 2 201 1 172 517 518
535 2 2 201 1 375 366 511
536 2 2 201 1 480 478 539
537 2 2 201 1 454 497 504
538 2 2 201 1 172 17 517
539 2 2 201 1 708 530 720
540 2 2 201 1 282 340 598
541 2 2 201 1 284 282 598
542 2 2 201 1 413 734 782
543 2 2 201 1 449 536 711
544 2 2 201 1 9 10 461
545 2 2 201 1 657 493 818
546 2 2 201 1 563 223 881
547 2 2 201 1 420 421 426
548 2 2 201 1 388 439 848
549 2 2 201 1 492 491 493
550 2 2 201 1 204 476 873
551 2 2 201 1 540 209 564
552 2 2 201 1 183 528 553
553 2 2 201 1 722 264 888
554 2 2 201 1 346 571 765
555 2 2 201 1 414 412 415
556 2 2 201 1 590 591 741
557 2 2 201 1 571 346 731
558 2 2 201 1 719 465 848
559 2 2 201 1 714 488 757
560 2 2 201 1 304 306 618
561 2 2 201 1 391 389 392
562 2 2 201 1 251 511 767
563 2 2 201 1 207 99 877
564 2 2 201 1 452 668 803
565 2 2 201 1 604 345 705
566 2 2 201 1 352 513 546
567 2 2 201 1 189 591 723
568 2 2 201 1 677 443 851
569 2 2 201 1 538 563 881
570 2 2 201 1 503 457 718
571 2 2 201 1 482 498 748
572 2 2 201 1 92 196 523
573 2 2 201 1 590 741 768
574 2 2 201 1 214 61 551
575 2 2 201 1 420 426 875
576 2 2 201 1 213 513 778
577 2 2 201 1 408 410 812
578 2 2 201 1 848 465 883
579 2 2 201 1 576 445 695
580 2 2 201 1 105 462 868
581 2 2 201 1 737 472 764
582 2 2 201 1 256 264 265
583 2 2 201 1 403 407 408
584 2 2 201 1 109 110 505
585 2 2 201 1 611 612 614
586 2 2 201 1 194 105 868
587 2 2 201 1 102 747 852
588 2 2 201 1 812 443 847
589 2 2 201 1 345 604 721
590 2 2 201 1 403 408 847
591 2 2 201 1 355 304 618
592 2 2 201 1 306 343 618
593 2 2 201 1 591 189 741
594 2 2 201 1 95 96 520
595 2 2 201 1 583 584 761
596 2 2 201 1 217 535 825
597 2 2 201 1 801 574 824
598 2 2 201 1 332 352 546
599 2 2 201 1 493 657 658
600 2 2 201 1 93 94 514
601 2 2 201 1 417 415 418
602 2 2 201 1 352 476 513
603 2 2 201 1 185 48 558
604 2 2 201 1 60 61 214
605 2 2 201 1 331 332 353
606 2 2 201 1 15 16 487
607 2 2 201 1 359 740 766
608 2 2 201 1 353 332 546
609 2 2 201 1 92 93 196
610 2 2 201 1 62 193 551
611 2 2 201 1 197 530 708
612 2 2 201 1 344 579 669
613 2 2 201 1 22 202 573
614 2 2 201 1 356 650 670
615 2 2 201 1 573 202 574
616 2 2 201 1 463 464 466
617 2 2 201 1 519 570 850
618 2 2 201 1 204 50 568
619 2 2 201 1 443 458 847
620 2 2 201 1 553 528 554
621 2 2 201 1 17 18 517
622 2 2 201 1 572 21 573
623 2 2 201 1 331 330 332
624 2 2 201 1 354 353 379
625 2 2 201 1 557 354 671
626 2 2 201 1 284 598 687
627 2 2 201 1 650 580 670
628 2 2 201 1 569 178 570
629 2 2 201 1 49 204 558
630 2 2 201 1 445 428 531
631 2 2 201 1 332 344 352
632 2 2 201 1 20 21 572
633 2 2 201 1 176 584 730
634 2 2 201 1 61 62 551
635 2 2 201 1 49 50 204
636 2 2 201 1 329 330 331
637 2 2 201 1 18 19 569
638 2 2 201 1 324 326 327
639 2 2 201 1 62 63 193
640 2 2 201 1 574 575 824
641 2 2 201 1 583 761 793
642 2 2 201 1 330 327 579
643 2 2 201 1 344 330 579
644 2 2 201 1 328 327 329
645 2 2 201 1 515 171 683
646 2 2 201 1 21 22 573
647 2 2 201 1 475 339 557
648 2 2 201 1 377 344 669
649 2 2 201 1 50 51 568
650 2 2 201 1 324 327 328
651 2 2 201 1 47 48 185
652 2 2 201 1 194 500 502
653 2 2 201 1 331 354 557
654 2 2 201 1 331 353 354
655 2 2 201 1 329 331 557
656 2 2 201 1 329 327 330
657 2 2 201 1 48 49 558
658 2 2 201 1 99 474 877
659 2 2 201 1 327 326 579
660 2 2 201 1 319 347 589
661 2 2 201 1 589 347 590
662 2 2 201 1 575 585 586
663 2 2 201 1 574 202 575
664 2 2 201 1 326 376 579
665 2 2 201 1 173 673 700
666 2 2 201 1 324 323 326
667 2 2 201 1 322 323 324
668 2 2 201 1 320 322 580
669 2 2 201 1 318 325 645
670 2 2 201 1 322 321 323
671 2 2 201 1 585 179 586
672 2 2 201 1 352 377 476
673 2 2 201 1 317 315 592
674 2 2 201 1 354 380 671
675 2 2 201 1 326 350 376
676 2 2 201 1 332 330 344
677 2 2 201 1 24 179 585
678 2 2 201 1 320 321 322
679 2 2 201 1 193 63 688
680 2 2 201 1 325 320 580
681 2 2 201 1 594 595 596
682 2 2 201 1 643 359 766
683 2 2 201 1 325 582 645
684 2 2 201 1 316 318 645
685 2 2 201 1 23 24 585
686 2 2 201 1 586 179 587
687 2 2 201 1 321 319 589
688 2 2 201 1 592 315 599
689 2 2 201 1 630 187 631
690 2 2 201 1 631 187 632
691 2 2 201 1 595 181 596
692 2 2 201 1 27 181 595
693 2 2 201 1 347 317 592
694 2 2 201 1 629 630 631
695 2 2 201 1 217 208 220
696 2 2 201 1 371 339 475
697 2 2 201 1 87 201 633
698 2 2 201 1 85 187 630
699 2 2 201 1 26 27 595
700 2 2 201 1 320 319 321
701 2 2 201 1 365 364 368
702 2 2 201 1 587 593 594
703 2 2 201 1 581 580 650
704 2 2 201 1 86 87 633
705 2 2 201 1 590 347 591
706 2 2 201 1 587 179 593
707 2 2 201 1 326 323 350
708 2 2 201 1 596 181 597
709 2 2 201 1 626 186 627
710 2 2 201 1 627 628 629
711 2 2 201 1 84 85 630
712 2 2 201 1 325 580 581
713 2 2 201 1 417 743 744
714 2 2 201 1 83 84 628
715 2 2 201 1 179 25 593
716 2 2 201 1 318 319 320
717 2 2 201 1 603 182 604
718 2 2 201 1 580 322 670
719 2 2 201 1 627 186 628
720 2 2 201 1 624 625 626
721 2 2 201 1 318 320 325
722 2 2 201 1 625 186 626
723 2 2 201 1 25 26 593
724 2 2 201 1 597 181 602
725 2 2 201 1 30 182 603
726 2 2 201 1 623 199 624
727 2 2 201 1 328 329 339
728 2 2 201 1 82 186 625
729 2 2 201 1 315 313 599
730 2 2 201 1 313 341 599
731 2 2 201 1 628 84 630
732 2 2 201 1 181 28 602
733 2 2 201 1 621 622 623
734 2 2 201 1 622 199 623
735 2 2 201 1 318 317 319
736 2 2 201 1 319 317 347
737 2 2 201 1 593 26 595
738 2 2 201 1 81 82 625
739 2 2 201 1 620 180 621
740 2 2 201 1 186 83 628
741 2 2 201 1 599 341 600
742 2 2 201 1 80 199 622
743 2 2 201 1 79 80 622
744 2 2 201 1 634 635 638
745 2 2 201 1 619 180 620
746 2 2 201 1 28 29 602
747 2 2 201 1 303 357 642
748 2 2 201 1 602 29 603
749 2 2 201 1 184 634 638
750 2 2 201 1 634 200 635
751 2 2 201 1 624 199 625
752 2 2 201 1 341 311 641
753 2 2 201 1 636 639 640
754 2 2 201 1 635 636 637
755 2 2 201 1 639 188 640
756 2 2 201 1 635 200 636
757 2 2 201 1 613 616 617
758 2 2 201 1 616 175 617
759 2 2 201 1 74 175 616
760 2 2 201 1 38 188 639
761 2 2 201 1 73 74 616
762 2 2 201 1 608 607 613
763 2 2 201 1 621 180 622
764 2 2 201 1 37 38 639
765 2 2 201 1 29 30 603
766 2 2 201 1 174 607 608
767 2 2 201 1 609 608 610
768 2 2 201 1 72 73 607
769 2 2 201 1 174 72 607
770 2 2 201 1 600 341 601
771 2 2 201 1 613 607 616
772 2 2 201 1 607 73 616
773 2 2 201 1 174 608 609
774 2 2 201 1 591 347 592
775 2 2 201 1 182 31 605
776 2 2 201 1 198 33 606
777 2 2 201 1 30 31 182
778 2 2 201 1 32 198 605
779 2 2 201 1 31 32 605
780 2 2 201 1 77 78 619
781 2 2 201 1 32 33 198
782 2 2 201 1 36 200 634
783 2 2 201 1 34 184 606
784 2 2 201 1 34 35 184
785 2 2 201 1 74 75 175
786 2 2 201 1 85 86 187
787 2 2 201 1 36 37 200
788 2 2 201 1 33 34 606
789 2 2 201 1 87 88 201
790 2 2 201 1 82 83 186
791 2 2 201 1 184 35 634
792 2 2 201 1 38 39 188
793 2 2 201 1 197 77 619
794 2 2 201 1 89 90 183
795 2 2 201 1 35 36 634
796 2 2 201 1 78 180 619
797 2 2 201 1 41 42 189
798 2 2 201 1 44 45 190
799 2 2 201 1 65 66 176
800 2 2 201 1 68 69 177
801 2 2 201 1 76 77 197
802 2 2 201 1 22 23 202
803 2 2 201 1 27 28 181
804 2 2 201 1 19 20 178
805 2 2 201 1 24 25 179
806 2 2 201 1 78 79 180
807 2 2 201 1 71 72 174
808 2 2 201 1 80 81 199
809 2 2 201 1 316 317 318
810 2 2 201 1 316 315 317
811 2 2 201 1 314 315 316
812 2 2 201 1 312 314 334
813 2 2 201 1 314 313 315
814 2 2 201 1 200 37 639
815 2 2 201 1 313 311 341
816 2 2 201 1 312 313 314
817 2 2 201 1 312 311 313
818 2 2 201 1 310 311 312
819 2 2 201 1 309 307 351
820 2 2 201 1 303 355 357
821 2 2 201 1 310 309 311
822 2 2 201 1 636 200 639
823 2 2 201 1 601 341 641
824 2 2 201 1 308 309 310
825 2 2 201 1 306 308 343
826 2 2 201 1 308 307 309
827 2 2 201 1 306 307 308
828 2 2 201 1 306 305 307
829 2 2 201 1 304 302 305
830 2 2 201 1 304 305 306
831 2 2 201 1 357 355 530
832 2 2 201 1 303 304 355
833 2 2 201 1 303 302 304
834 2 2 201 1 300 302 303
835 2 2 201 1 311 309 641
836 2 2 201 1 180 79 622
837 2 2 201 1 300 301 302
838 2 2 201 1 309 351 641
839 2 2 201 1 300 299 301
840 2 2 201 1 300 303 642
841 2 2 201 1 295 299 300
842 2 2 201 1 293 295 335
843 2 2 201 1 299 294 370
844 2 2 201 1 629 628 630
845 2 2 201 1 199 81 625
846 2 2 201 1 295 300 642
847 2 2 201 1 295 294 299
848 2 2 201 1 294 292 643
849 2 2 201 1 335 295 642
850 2 2 201 1 293 294 295
851 2 2 201 1 632 187 633
852 2 2 201 1 292 359 643
853 2 2 201 1 293 292 294
854 2 2 201 1 370 294 643
855 2 2 201 1 292 290 359
856 2 2 201 1 293 335 644
857 2 2 201 1 291 292 293
858 2 2 201 1 324 328 670
859 2 2 201 1 289 291 342
860 2 2 201 1 291 290 292
861 2 2 201 1 291 293 644
862 2 2 201 1 583 581 584
863 2 2 201 1 287 289 647
864 2 2 201 1 342 291 644
865 2 2 201 1 289 290 291
866 2 2 201 1 288 286 345
867 2 2 201 1 594 593 595
868 2 2 201 1 348 287 647
869 2 2 201 1 289 288 290
870 2 2 201 1 287 288 289
871 2 2 201 1 285 287 348
872 2 2 201 1 289 342 647
873 2 2 201 1 187 86 633
874 2 2 201 1 582 581 583
875 2 2 201 1 287 286 288
876 2 2 201 1 285 286 287
877 2 2 201 1 584 581 650
878 2 2 201 1 285 284 286
879 2 2 201 1 281 283 297
880 2 2 201 1 339 329 557
881 2 2 201 1 285 348 648
882 2 2 201 1 283 284 285
883 2 2 201 1 297 283 648
884 2 2 201 1 282 280 340
885 2 2 201 1 283 285 648
886 2 2 201 1 202 23 585
887 2 2 201 1 283 282 284
888 2 2 201 1 376 350 471
889 2 2 201 1 281 297 646
890 2 2 201 1 279 281 646
891 2 2 201 1 328 356 670
892 2 2 201 1 325 581 582
893 2 2 201 1 281 282 283
894 2 2 201 1 323 321 588
895 2 2 201 1 281 280 282
896 2 2 201 1 19 178 569
897 2 2 201 1 570 178 571
898 2 2 201 1 588 321 589
899 2 2 201 1 178 20 572
900 2 2 201 1 575 202 585
901 2 2 201 1 340 280 649
902 2 2 201 1 279 280 281
903 2 2 201 1 278 276 349
904 2 2 201 1 473 221 729
905 2 2 201 1 353 546 700
906 2 2 201 1 548 446 792
907 2 2 201 1 279 278 280
908 2 2 201 1 188 39 666
909 2 2 201 1 280 278 649
910 2 2 201 1 278 349 649
911 2 2 201 1 277 278 279
912 2 2 201 1 579 376 669
913 2 2 201 1 350 323 588
914 2 2 201 1 277 276 278
915 2 2 201 1 275 277 358
916 2 2 201 1 385 463 510
917 2 2 201 1 197 619 672
918 2 2 201 1 39 40 666
919 2 2 201 1 271 273 274
920 2 2 201 1 426 427 428
921 2 2 201 1 275 276 277
922 2 2 201 1 349 276 659
923 2 2 201 1 354 379 380
924 2 2 201 1 196 521 522
925 2 2 201 1 475 557 671
926 2 2 201 1 352 344 377
927 2 2 201 1 275 273 276
928 2 2 201 1 375 511 795
929 2 2 201 1 518 517 519
930 2 2 201 1 274 273 275
931 2 2 201 1 276 273 659
932 2 2 201 1 356 339 371
933 2 2 201 1 273 272 659
934 2 2 201 1 322 324 670
935 2 2 201 1 526 524 527
936 2 2 201 1 328 339 356
937 2 2 201 1 654 401 788
938 2 2 201 1 619 620 672
939 2 2 201 1 496 462 806
940 2 2 201 1 338 361 363
941 2 2 201 1 512 375 795
942 2 2 201 1 271 272 273
943 2 2 201 1 286 284 687
944 2 2 201 1 101 102 852
945 2 2 201 1 571 178 572
946 2 2 201 1 298 253 699
947 2 2 201 1 523 522 524
948 2 2 201 1 456 460 703
949 2 2 201 1 426 446 875
950 2 2 201 1 296 658 722
951 2 2 201 1 271 270 272
952 2 2 201 1 57 58 211
953 2 2 201 1 823 518 835
954 2 2 201 1 56 57 673
955 2 2 201 1 523 524 526
956 2 2 201 1 55 56 173
957 2 2 201 1 279 646 692
958 2 2 201 1 308 310 693
959 2 2 201 1 467 490 512
960 2 2 201 1 262 270 271
961 2 2 201 1 617 175 720
962 2 2 201 1 54 55 679
963 2 2 201 1 270 261 346
964 2 2 201 1 350 588 691
965 2 2 201 1 358 277 692
966 2 2 201 1 790 416 806
967 2 2 201 1 460 392 826
968 2 2 201 1 262 261 270
969 2 2 201 1 70 615 745
970 2 2 201 1 192 487 831
971 2 2 201 1 236 251 767
972 2 2 201 1 53 54 213
973 2 2 201 1 345 286 687
974 2 2 201 1 584 176 761
975 2 2 201 1 658 296 858
976 2 2 201 1 260 261 262
977 2 2 201 1 253 258 699
978 2 2 201 1 63 64 688
979 2 2 201 1 333 247 662
980 2 2 201 1 643 766 794
981 2 2 201 1 234 233 236
982 2 2 201 1 351 640 878
983 2 2 201 1 258 260 269
984 2 2 201 1 511 510 795
985 2 2 201 1 539 478 841
986 2 2 201 1 248 689 746
987 2 2 201 1 597 602 705
988 2 2 201 1 603 604 705
989 2 2 201 1 448 506 727
990 2 2 201 1 41 189 706
991 2 2 201 1 480 540 541
992 2 2 201 1 57 211 673
993 2 2 201 1 824 575 853
994 2 2 201 1 666 40 706
995 2 2 201 1 173 56 673
996 2 2 201 1 471 350 691
997 2 2 201 1 277 279 692
998 2 2 201 1 260 262 684
999 2 2 201 1 260 259 261
1000 2 2 201 1 222 762 817
1001 2 2 201 1 196 522 523
1002 2 2 201 1 55 173 679
1003 2 2 201 1 175 75 708
1004 2 2 201 1 76 197 708
1005 2 2 201 1 343 308 693
1006 2 2 201 1 467 489 490
1007 2 2 201 1 700 673 863
1008 2 2 201 1 522 521 724
1009 2 2 201 1 65 176 712
1010 2 2 201 1 451 436 452
1011 2 2 201 1 632 633 713
1012 2 2 201 1 396 394 397
1013 2 2 201 1 269 260 684
1014 2 2 201 1 213 54 679
1015 2 2 201 1 408 409 410
1016 2 2 201 1 257 252 266
1017 2 2 201 1 493 658 858
1018 2 2 201 1 401 399 402
1019 2 2 201 1 803 222 884
1020 2 2 201 1 248 250 689
1021 2 2 201 1 656 382 657
1022 2 2 201 1 575 586 853
1023 2 2 201 1 258 259 260
1024 2 2 201 1 250 253 298
1025 2 2 201 1 433 432 434
1026 2 2 201 1 606 716 794
1027 2 2 201 1 675 443 811
1028 2 2 201 1 606 184 716
1029 2 2 201 1 118 117 525
1030 2 2 201 1 255 256 810
1031 2 2 201 1 379 353 700
1032 2 2 201 1 370 643 794
1033 2 2 201 1 250 298 689
1034 2 2 201 1 584 650 730
1035 2 2 201 1 513 476 778
1036 2 2 201 1 688 64 712
1037 2 2 201 1 249 247 333
1038 2 2 201 1 521 690 724
1039 2 2 201 1 591 592 723
1040 2 2 201 1 492 493 858
1041 2 2 201 1 715 755 787
1042 2 2 201 1 359 290 721
1043 2 2 201 1 732 192 831
1044 2 2 201 1 288 345 721
1045 2 2 201 1 727 505 798
1046 2 2 201 1 457 744 816
1047 2 2 201 1 830 791 858
1048 2 2 201 1 258 257 259
1049 2 2 201 1 599 600 723
1050 2 2 201 1 689 298 690
1051 2 2 201 1 508 381 754
1052 2 2 201 1 265 268 336
1053 2 2 201 1 115 114 534
1054 2 2 201 1 642 357 725
1055 2 2 201 1 602 603 705
1056 2 2 201 1 434 447 668
1057 2 2 201 1 40 41 706
1058 2 2 201 1 258 269 699
1059 2 2 201 1 211 58 709
1060 2 2 201 1 564 209 769
1061 2 2 201 1 793 177 821
1062 2 2 201 1 505 110 798
1063 2 2 201 1 253 257 258
1064 2 2 201 1 357 672 725
1065 2 2 201 1 52 53 710
1066 2 2 201 1 672 620 725
1067 2 2 201 1 58 59 709
1068 2 2 201 1 573 574 765
1069 2 2 201 1 652 556 827
1070 2 2 201 1 461 727 798
1071 2 2 201 1 53 213 710
1072 2 2 201 1 257 266 698
1073 2 2 201 1 571 572 765
1074 2 2 201 1 604 182 740
1075 2 2 201 1 242 239 246
1076 2 2 201 1 189 42 741
1077 2 2 201 1 75 76 708
1078 2 2 201 1 506 435 774
1079 2 2 201 1 69 70 745
1080 2 2 201 1 237 236 239
1081 2 2 201 1 420 418 421
1082 2 2 201 1 703 227 861
1083 2 2 201 1 550 657 818
1084 2 2 201 1 253 252 257
1085 2 2 201 1 536 451 537
1086 2 2 201 1 563 564 769
1087 2 2 201 1 638 635 751
1088 2 2 201 1 529 684 809
1089 2 2 201 1 355 618 720
1090 2 2 201 1 618 617 720
1091 2 2 201 1 266 252 704
1092 2 2 201 1 259 257 698
1093 2 2 201 1 263 830 888
1094 2 2 201 1 466 467 512
1095 2 2 201 1 356 371 730
1096 2 2 201 1 479 478 480
1097 2 2 201 1 346 261 731
1098 2 2 201 1 250 252 253
1099 2 2 201 1 509 782 869
1100 2 2 201 1 725 620 753
1101 2 2 201 1 614 582 821
1102 2 2 201 1 64 65 712
1103 2 2 201 1 633 201 713
1104 2 2 201 1 733 533 849
1105 2 2 201 1 176 66 761
1106 2 2 201 1 716 370 794
1107 2 2 201 1 250 249 252
1108 2 2 201 1 44 190 768
1109 2 2 201 1 465 733 849
1110 2 2 201 1 338 363 756
1111 2 2 201 1 249 333 704
1112 2 2 201 1 170 169 550
1113 2 2 201 1 493 758 759
1114 2 2 201 1 755 438 787
1115 2 2 201 1 446 576 792
1116 2 2 201 1 471 815 836
1117 2 2 201 1 764 226 834
1118 2 2 201 1 471 691 815
1119 2 2 201 1 516 735 855
1120 2 2 201 1 691 588 796
1121 2 2 201 1 184 638 716
1122 2 2 201 1 372 737 764
1123 2 2 201 1 361 338 862
1124 2 2 201 1 515 683 696
1125 2 2 201 1 589 590 796
1126 2 2 201 1 159 158 566
1127 2 2 201 1 248 249 250
1128 2 2 201 1 500 501 502
1129 2 2 201 1 499 506 774
1130 2 2 201 1 734 516 782
1131 2 2 201 1 242 246 247
1132 2 2 201 1 68 177 793
1133 2 2 201 1 377 864 873
1134 2 2 201 1 379 700 863
1135 2 2 201 1 524 522 772
1136 2 2 201 1 690 515 696
1137 2 2 201 1 503 718 880
1138 2 2 201 1 490 491 492
1139 2 2 201 1 527 524 797
1140 2 2 201 1 232 233 234
1141 2 2 201 1 47 185 836
1142 2 2 201 1 136 135 665
1143 2 2 201 1 536 537 857
1144 2 2 201 1 377 669 864
1145 2 2 201 1 690 298 724
1146 2 2 201 1 248 247 249
1147 2 2 201 1 403 458 788
1148 2 2 201 1 428 430 886
1149 2 2 201 1 190 45 815
1150 2 2 201 1 242 247 248
1151 2 2 201 1 212 101 852
1152 2 2 201 1 299 370 814
1153 2 2 201 1 620 621 753
1154 2 2 201 1 190 691 796
1155 2 2 201 1 271 274 809
1156 2 2 201 1 726 497 874
1157 2 2 201 1 530 355 720
1158 2 2 201 1 290 288 721
1159 2 2 201 1 629 297 865
1160 2 2 201 1 223 565 881
1161 2 2 201 1 440 715 805
1162 2 2 201 1 252 249 704
1163 2 2 201 1 151 150 565
1164 2 2 201 1 525 532 733
1165 2 2 201 1 145 144 562
1166 2 2 201 1 522 724 772
1167 2 2 201 1 669 376 856
1168 2 2 201 1 669 856 864
1169 2 2 201 1 302 301 838
1170 2 2 201 1 592 599 723
1171 2 2 201 1 641 351 878
1172 2 2 201 1 307 305 840
1173 2 2 201 1 163 162 660
1174 2 2 201 1 403 402 407
1175 2 2 201 1 513 679 822
1176 2 2 201 1 9 461 798
1177 2 2 201 1 501 212 852
1178 2 2 201 1 473 373 799
1179 2 2 201 1 453 452 685
1180 2 2 201 1 259 698 731
1181 2 2 201 1 130 129 676
1182 2 2 201 1 211 709 717
1183 2 2 201 1 836 185 856
1184 2 2 201 1 247 246 662
1185 2 2 201 1 691 190 815
1186 2 2 201 1 428 429 430
1187 2 2 201 1 559 477 566
1188 2 2 201 1 649 349 871
1189 2 2 201 1 134 133 578
1190 2 2 201 1 270 346 801
1191 2 2 201 1 410 411 412
1192 2 2 201 1 640 351 887
1193 2 2 201 1 335 642 725
1194 2 2 201 1 753 621 776
1195 2 2 201 1 237 239 242
1196 2 2 201 1 743 664 744
1197 2 2 201 1 462 680 806
1198 2 2 201 1 650 356 730
1199 2 2 201 1 709 214 717
1200 2 2 201 1 298 699 724
1201 2 2 201 1 3 60 845
1202 2 2 201 1 51 2 846
1203 2 2 201 1 246 255 662
1204 2 2 201 1 684 262 809
1205 2 2 201 1 707 219 752
1206 2 2 201 1 524 772 797
1207 2 2 201 1 119 118 231
1208 2 2 201 1 426 421 427
1209 2 2 201 1 483 484 485
1210 2 2 201 1 546 513 822
1211 2 2 201 1 436 434 668
1212 2 2 201 1 485 484 486
1213 2 2 201 1 363 364 365
1214 2 2 201 1 541 685 770
1215 2 2 201 1 207 516 855
1216 2 2 201 1 495 545 719
1217 2 2 201 1 229 232 367
1218 2 2 201 1 116 115 235
1219 2 2 201 1 424 694 695
1220 2 2 201 1 374 373 473
1221 2 2 201 1 744 664 816
1222 2 2 201 1 234 236 237
1223 2 2 201 1 664 743 786
1224 2 2 201 1 503 675 811
1225 2 2 201 1 261 259 731
1226 2 2 201 1 728 498 813
1227 2 2 201 1 239 236 767
1228 2 2 201 1 528 529 780
1229 2 2 201 1 335 725 753
1230 2 2 201 1 525 117 532
1231 2 2 201 1 668 447 739
1232 2 2 201 1 621 623 776
1233 2 2 201 1 520 367 860
1234 2 2 201 1 212 509 869
1235 2 2 201 1 122 121 227
1236 2 2 201 1 502 501 747
1237 2 2 201 1 193 671 885
1238 2 2 201 1 408 407 409
1239 2 2 201 1 59 3 845
1240 2 2 201 1 370 716 814
1241 2 2 201 1 2 52 846
1242 2 2 201 1 749 486 823
1243 2 2 201 1 387 384 472
1244 2 2 201 1 480 539 540
1245 2 2 201 1 149 148 682
1246 2 2 201 1 117 116 532
1247 2 2 201 1 182 605 740
1248 2 2 201 1 363 378 756
1249 2 2 201 1 42 43 741
1250 2 2 201 1 235 534 757
1251 2 2 201 1 120 119 738
1252 2 2 201 1 177 69 745
1253 2 2 201 1 114 113 238
1254 2 2 201 1 476 377 873
1255 2 2 201 1 460 702 882
1256 2 2 201 1 454 504 531
1257 2 2 201 1 428 427 429
1258 2 2 201 1 472 245 764
1259 2 2 201 1 776 623 800
1260 2 2 201 1 635 637 751
1261 2 2 201 1 114 238 534
1262 2 2 201 1 644 335 753
1263 2 2 201 1 583 793 821
1264 2 2 201 1 700 546 822
1265 2 2 201 1 718 457 816
1266 2 2 201 1 541 540 783
1267 2 2 201 1 544 543 702
1268 2 2 201 1 483 374 484
1269 2 2 201 1 410 409 411
1270 2 2 201 1 375 512 791
1271 2 2 201 1 7 140 206
1272 2 2 201 1 266 804 850
1273 2 2 201 1 459 437 509
1274 2 2 201 1 5 170 241
1275 2 2 201 1 123 122 542
1276 2 2 201 1 415 412 416
1277 2 2 201 1 740 605 766
1278 2 2 201 1 741 43 768
1279 2 2 201 1 565 537 881
1280 2 2 201 1 739 222 803
1281 2 2 201 1 447 448 762
1282 2 2 201 1 430 431 432
1283 2 2 201 1 680 205 715
1284 2 2 201 1 434 435 447
1285 2 2 201 1 676 400 678
1286 2 2 201 1 743 417 829
1287 2 2 201 1 274 275 802
1288 2 2 201 1 124 123 228
1289 2 2 201 1 102 4 870
1290 2 2 201 1 234 237 267
1291 2 2 201 1 408 812 847
1292 2 2 201 1 231 118 525
1293 2 2 201 1 337 374 483
1294 2 2 201 1 392 393 394
1295 2 2 201 1 221 220 729
1296 2 2 201 1 337 336 373
1297 2 2 201 1 113 112 560
1298 2 2 201 1 439 495 719
1299 2 2 201 1 301 751 838
1300 2 2 201 1 724 699 772
1301 2 2 201 1 568 710 778
1302 2 2 201 1 623 624 800
1303 2 2 201 1 211 717 863
1304 2 2 201 1 644 753 776
1305 2 2 201 1 157 156 210
1306 2 2 201 1 112 111 468
1307 2 2 201 1 146 145 422
1308 2 2 201 1 275 358 802
1309 2 2 201 1 152 151 223
1310 2 2 201 1 160 159 218
1311 2 2 201 1 111 5 549
1312 2 2 201 1 572 573 765
1313 2 2 201 1 509 437 789
1314 2 2 201 1 66 67 761
1315 2 2 201 1 172 518 823
1316 2 2 201 1 235 115 534
1317 2 2 201 1 756 378 799
1318 2 2 201 1 605 198 766
1319 2 2 201 1 43 44 768
1320 2 2 201 1 508 728 813
1321 2 2 201 1 481 480 541
1322 2 2 201 1 155 154 209
1323 2 2 201 1 135 134 404
1324 2 2 201 1 13 14 781
1325 2 2 201 1 242 248 746
1326 2 2 201 1 397 398 399
1327 2 2 201 1 800 624 820
1328 2 2 201 1 470 478 479
1329 2 2 201 1 716 638 814
1330 2 2 201 1 125 124 555
1331 2 2 201 1 140 139 667
1332 2 2 201 1 158 157 559
1333 2 2 201 1 540 564 783
1334 2 2 201 1 342 644 776
1335 2 2 201 1 173 700 822
1336 2 2 201 1 126 6 395
1337 2 2 201 1 168 167 240
1338 2 2 201 1 119 231 738
1339 2 2 201 1 116 235 532
1340 2 2 201 1 164 163 244
1341 2 2 201 1 373 336 756
1342 2 2 201 1 137 136 406
1343 2 2 201 1 139 138 419
1344 2 2 201 1 455 829 875
1345 2 2 201 1 761 67 793
1346 2 2 201 1 219 707 833
1347 2 2 201 1 804 519 850
1348 2 2 201 1 6 125 777
1349 2 2 201 1 129 128 400
1350 2 2 201 1 169 168 655
1351 2 2 201 1 153 152 563
1352 2 2 201 1 766 198 794
1353 2 2 201 1 161 160 567
1354 2 2 201 1 8 155 577
1355 2 2 201 1 458 403 847
1356 2 2 201 1 554 528 780
1357 2 2 201 1 162 161 362
1358 2 2 201 1 367 683 860
1359 2 2 201 1 463 466 510
1360 2 2 201 1 156 8 750
1361 2 2 201 1 469 697 832
1362 2 2 201 1 624 626 820
1363 2 2 201 1 337 373 374
1364 2 2 201 1 131 130 444
1365 2 2 201 1 138 137 663
1366 2 2 201 1 430 429 431
1367 2 2 201 1 141 7 547
1368 2 2 201 1 683 171 860
1369 2 2 201 1 342 776 800
1370 2 2 201 1 60 214 845
1371 2 2 201 1 537 451 867
1372 2 2 201 1 532 533 733
1373 2 2 201 1 551 193 885
1374 2 2 201 1 166 165 243
1375 2 2 201 1 167 166 681
1376 2 2 201 1 150 149 450
1377 2 2 201 1 144 143 424
1378 2 2 201 1 165 164 661
1379 2 2 201 1 336 338 756
1380 2 2 201 1 154 153 769
1381 2 2 201 1 668 739 803
1382 2 2 201 1 537 565 857
1383 2 2 201 1 568 51 846
1384 2 2 201 1 67 68 793
1385 2 2 201 1 441 459 500
1386 2 2 201 1 507 456 861
1387 2 2 201 1 374 473 732
1388 2 2 201 1 127 126 651
1389 2 2 201 1 493 759 818
1390 2 2 201 1 820 626 843
1391 2 2 201 1 368 470 707
1392 2 2 201 1 533 757 849
1393 2 2 201 1 390 848 883
1394 2 2 201 1 198 606 794
1395 2 2 201 1 447 435 448
1396 2 2 201 1 128 127 686
1397 2 2 201 1 485 486 749
1398 2 2 201 1 266 704 804
1399 2 2 201 1 122 227 542
1400 2 2 201 1 588 589 796
1401 2 2 201 1 496 194 868
1402 2 2 201 1 241 170 550
1403 2 2 201 1 392 389 393
1404 2 2 201 1 472 737 775
1405 2 2 201 1 697 482 839
1406 2 2 201 1 215 222 817
1407 2 2 201 1 518 519 804
1408 2 2 201 1 511 366 767
1409 2 2 201 1 365 368 752
1410 2 2 201 1 479 480 481
1411 2 2 201 1 224 685 803
1412 2 2 201 1 647 342 800
1413 2 2 201 1 462 496 868
1414 2 2 201 1 237 242 746
1415 2 2 201 1 434 432 435
1416 2 2 201 1 533 235 757
1417 2 2 201 1 500 459 501
1418 2 2 201 1 147 146 561
1419 2 2 201 1 411 437 441
1420 2 2 201 1 772 269 797
1421 2 2 201 1 132 131 674
1422 2 2 201 1 133 132 405
1423 2 2 201 1 484 374 732
1424 2 2 201 1 431 438 499
1425 2 2 201 1 699 269 772
1426 2 2 201 1 272 270 801
1427 2 2 201 1 143 142 694
1428 2 2 201 1 626 627 843
1429 2 2 201 1 470 479 707
1430 2 2 201 1 710 213 778
1431 2 2 201 1 142 141 425
1432 2 2 201 1 446 548 859
1433 2 2 201 1 448 727 876
1434 2 2 201 1 516 474 782
1435 2 2 201 1 269 684 797
1436 2 2 201 1 238 113 560
1437 2 2 201 1 647 800 820
1438 2 2 201 1 382 369 722
1439 2 2 201 1 637 636 887
1440 2 2 201 1 218 159 566
1441 2 2 201 1 262 271 809
1442 2 2 201 1 378 365 535
1443 2 2 201 1 383 385 854
1444 2 2 201 1 265 336 337
1445 2 2 201 1 636 640 887
1446 2 2 201 1 301 299 814
1447 2 2 201 1 715 205 755
1448 2 2 201 1 227 121 819
1449 2 2 201 1 734 398 735
1450 2 2 201 1 45 46 815
1451 2 2 201 1 685 224 770
1452 2 2 201 1 433 454 886
1453 2 2 201 1 228 544 555
1454 2 2 201 1 843 627 865
1455 2 2 201 1 431 429 438
1456 2 2 201 1 396 701 702
1457 2 2 201 1 421 418 440
1458 2 2 201 1 228 123 542
1459 2 2 201 1 272 801 824
1460 2 2 201 1 550 169 655
1461 2 2 201 1 704 333 835
1462 2 2 201 1 223 151 565
1463 2 2 201 1 657 382 658
1464 2 2 201 1 411 409 437
1465 2 2 201 1 422 145 562
1466 2 2 201 1 747 501 852
1467 2 2 201 1 158 559 566
1468 2 2 201 1 363 365 378
1469 2 2 201 1 120 738 819
1470 2 2 201 1 348 647 820
1471 2 2 201 1 135 404 665
1472 2 2 201 1 555 544 556
1473 2 2 201 1 532 235 533
1474 2 2 201 1 815 46 836
1475 2 2 201 1 486 484 831
1476 2 2 201 1 397 394 398
1477 2 2 201 1 736 393 737
1478 2 2 201 1 582 583 821
1479 2 2 201 1 148 147 423
1480 2 2 201 1 627 629 865
1481 2 2 201 1 267 237 746
1482 2 2 201 1 512 490 791
1483 2 2 201 1 5 241 549
1484 2 2 201 1 534 238 714
1485 2 2 201 1 739 447 762
1486 2 2 201 1 231 525 545
1487 2 2 201 1 185 558 864
1488 2 2 201 1 228 543 544
1489 2 2 201 1 121 120 819
1490 2 2 201 1 112 468 560
1491 2 2 201 1 516 734 735
1492 2 2 201 1 416 412 773
1493 2 2 201 1 659 272 824
1494 2 2 201 1 412 411 773
1495 2 2 201 1 406 136 665
1496 2 2 201 1 402 399 413
1497 2 2 201 1 337 483 810
1498 2 2 201 1 441 500 844
1499 2 2 201 1 762 448 876
1500 2 2 201 1 348 820 843
1501 2 2 201 1 206 140 667
1502 2 2 201 1 651 653 686
1503 2 2 201 1 441 437 459
1504 2 2 201 1 468 111 549
1505 2 2 201 1 46 47 836
1506 2 2 201 1 244 163 660
1507 2 2 201 1 455 742 743
1508 2 2 201 1 404 134 578
1509 2 2 201 1 305 302 838
1510 2 2 201 1 552 654 827
1511 2 2 201 1 456 703 861
1512 2 2 201 1 124 228 555
1513 2 2 201 1 227 819 861
1514 2 2 201 1 864 558 873
1515 2 2 201 1 701 544 702
1516 2 2 201 1 351 307 840
1517 2 2 201 1 452 436 668
1518 2 2 201 1 651 652 653
1519 2 2 201 1 545 525 733
1520 2 2 201 1 162 362 660
1521 2 2 201 1 659 824 853
1522 2 2 201 1 648 348 843
1523 2 2 201 1 555 556 777
1524 2 2 201 1 129 400 676
1525 2 2 201 1 558 204 873
1526 2 2 201 1 498 728 842
1527 2 2 201 1 157 210 559
1528 2 2 201 1 535 365 752
1529 2 2 201 1 150 450 565
1530 2 2 201 1 7 206 547
1531 2 2 201 1 444 130 676
1532 2 2 201 1 144 424 562
1533 2 2 201 1 471 836 856
1534 2 2 201 1 648 843 865
1535 2 2 201 1 679 173 822
1536 2 2 201 1 406 665 816
1537 2 2 201 1 376 471 856
1538 2 2 201 1 564 538 783
1539 2 2 201 1 399 398 734
1540 2 2 201 1 477 559 808
1541 2 2 201 1 349 659 853
1542 2 2 201 1 373 756 799
1543 2 2 201 1 780 274 802
1544 2 2 201 1 586 587 871
1545 2 2 201 1 152 223 563
1546 2 2 201 1 297 648 865
1547 2 2 201 1 210 156 750
1548 2 2 201 1 701 552 827
1549 2 2 201 1 160 218 567
1550 2 2 201 1 411 441 773
1551 2 2 201 1 770 224 771
1552 2 2 201 1 658 382 722
1553 2 2 201 1 214 709 845
1554 2 2 201 1 4 103 870
1555 2 2 201 1 654 652 827
1556 2 2 201 1 601 641 878
1557 2 2 201 1 415 416 790
1558 2 2 201 1 856 185 864
1559 2 2 201 1 139 419 667
1560 2 2 201 1 677 676 678
1561 2 2 201 1 570 698 850
1562 2 2 201 1 394 393 736
1563 2 2 201 1 671 380 885
1564 2 2 201 1 228 542 543
1565 2 2 201 1 125 555 777
1566 2 2 201 1 155 209 577
1567 2 2 201 1 710 568 846
1568 2 2 201 1 743 742 786
1569 2 2 201 1 702 460 826
1570 2 2 201 1 395 6 777
1571 2 2 201 1 698 266 850
1572 2 2 201 1 168 240 655
1573 2 2 201 1 360 508 813
1574 2 2 201 1 468 549 758
1575 2 2 201 1 735 398 736
1576 2 2 201 1 367 232 779
1577 2 2 201 1 432 431 774
1578 2 2 201 1 562 424 828
1579 2 2 201 1 424 695 828
1580 2 2 201 1 133 405 578
1581 2 2 201 1 209 154 769
1582 2 2 201 1 481 770 771
1583 2 2 201 1 234 267 779
1584 2 2 201 1 729 220 781
1585 2 2 201 1 362 161 567
1586 2 2 201 1 137 406 663
1587 2 2 201 1 146 422 561
1588 2 2 201 1 419 138 663
1589 2 2 201 1 8 577 750
1590 2 2 201 1 389 387 775
1591 2 2 201 1 240 167 681
1592 2 2 201 1 429 427 787
1593 2 2 201 1 387 472 775
1594 2 2 201 1 450 149 682
1595 2 2 201 1 556 544 701
1596 2 2 201 1 164 244 661
1597 2 2 201 1 547 206 548
1598 2 2 201 1 431 499 774
1599 2 2 201 1 435 432 774
1600 2 2 201 1 126 395 651
1601 2 2 201 1 673 211 863
1602 2 2 201 1 556 701 827
1603 2 2 201 1 516 207 877
1604 2 2 201 1 153 563 769
1605 2 2 201 1 333 749 835
1606 2 2 201 1 368 707 752
1607 2 2 201 1 549 241 759
1608 2 2 201 1 400 128 686
1609 2 2 201 1 560 468 760
1610 2 2 201 1 232 234 779
1611 2 2 201 1 751 637 838
1612 2 2 201 1 534 714 757
1613 2 2 201 1 166 243 681
1614 2 2 201 1 243 165 661
1615 2 2 201 1 442 503 811
1616 2 2 201 1 490 492 791
1617 2 2 201 1 715 787 805
1618 2 2 201 1 481 541 770
1619 2 2 201 1 709 59 845
1620 2 2 201 1 409 407 789
1621 2 2 201 1 52 710 846
1622 2 2 201 1 655 240 656
1623 2 2 201 1 737 393 775
1624 2 2 201 1 702 543 882
1625 2 2 201 1 653 652 654
1626 2 2 201 1 567 218 697
1627 2 2 201 1 418 415 790
1628 2 2 201 1 665 404 718
1629 2 2 201 1 131 444 674
1630 2 2 201 1 127 651 686
1631 2 2 201 1 667 419 742
1632 2 2 201 1 559 210 808
1633 2 2 201 1 771 219 833
1634 2 2 201 1 425 141 547
1635 2 2 201 1 375 791 830
1636 2 2 201 1 424 143 694
1637 2 2 201 1 296 830 858
1638 2 2 201 1 727 461 876
1639 2 2 201 1 681 243 754
1640 2 2 201 1 660 362 748
1641 2 2 201 1 661 244 728
1642 2 2 201 1 538 453 783
1643 2 2 201 1 422 562 726
1644 2 2 201 1 757 488 849
1645 2 2 201 1 148 423 682
1646 2 2 201 1 663 406 664
1647 2 2 201 1 466 512 795
1648 2 2 201 1 651 395 652
1649 2 2 201 1 413 399 734
1650 2 2 201 1 398 394 736
1651 2 2 201 1 405 132 674
1652 2 2 201 1 206 667 763
1653 2 2 201 1 566 477 832
1654 2 2 201 1 474 516 877
1655 2 2 201 1 577 539 750
1656 2 2 201 1 142 425 694
1657 2 2 201 1 498 361 813
1658 2 2 201 1 256 265 810
1659 2 2 201 1 444 676 677
1660 2 2 201 1 489 714 784
1661 2 2 201 1 372 834 837
1662 2 2 201 1 238 560 784
1663 2 2 201 1 664 406 816
1664 2 2 201 1 405 674 675
1665 2 2 201 1 554 780 802
1666 2 2 201 1 423 147 561
1667 2 2 201 1 510 466 795
1668 2 2 201 1 438 429 787
1669 2 2 201 1 742 455 763
1670 2 2 201 1 407 402 807
1671 2 2 201 1 440 418 790
1672 2 2 201 1 682 423 711
1673 2 2 201 1 393 389 775
1674 2 2 201 1 762 203 817
1675 2 2 201 1 543 703 882
1676 2 2 201 1 752 219 825
1677 2 2 201 1 518 804 835
1678 2 2 201 1 427 421 805
1679 2 2 201 1 437 409 789
1680 2 2 201 1 468 758 760
1681 2 2 201 1 660 748 842
1682 2 2 201 1 758 549 759
1683 2 2 201 1 240 681 785
1684 2 2 201 1 484 732 831
1685 2 2 201 1 419 663 786
1686 2 2 201 1 265 337 810
1687 2 2 201 1 481 771 833
1688 2 2 201 1 548 206 763
1689 2 2 201 1 714 238 784
1690 2 2 201 1 811 443 812
1691 2 2 201 1 829 420 875
1692 2 2 201 1 455 743 829
1693 2 2 201 1 560 760 784
1694 2 2 201 1 819 507 861
1695 2 2 201 1 425 547 792
1696 2 2 201 1 203 762 876
1697 2 2 201 1 504 726 828
1698 2 2 201 1 840 637 887
1699 2 2 201 1 738 507 819
1700 2 2 201 1 421 440 805
1701 2 2 201 1 453 538 867
1702 2 2 201 1 402 413 807
1703 2 2 201 1 372 764 834
1704 2 2 201 1 372 837 855
1705 2 2 201 1 859 455 875
1706 2 2 201 1 508 754 872
1707 2 2 201 1 703 460 882
1708 2 2 201 1 665 718 816
1709 2 2 201 1 241 550 818
1710 2 2 201 1 804 704 835
1711 2 2 201 1 754 381 785
1712 2 2 201 1 561 422 874
1713 2 2 201 1 667 742 763
1714 2 2 201 1 787 427 805
1715 2 2 201 1 547 548 792
1716 2 2 201 1 656 240 785
1717 2 2 201 1 439 719 848
1718 2 2 201 1 726 562 828
1719 2 2 201 1 681 754 785
1720 2 2 201 1 742 419 786
1721 2 2 201 1 218 566 832
1722 2 2 201 1 789 407 807
1723 2 2 201 1 707 479 833
1724 2 2 201 1 479 481 833
1725 2 2 201 1 362 567 839
1726 2 2 201 1 565 450 857
1727 2 2 201 1 396 702 826
1728 2 2 201 1 663 664 786
1729 2 2 201 1 243 661 872
1730 2 2 201 1 210 750 841
1731 2 2 201 1 454 531 886
1732 2 2 201 1 754 243 872
1733 2 2 201 1 782 474 869
1734 2 2 201 1 567 697 839
1735 2 2 201 1 808 210 841
1736 2 2 201 1 661 728 872
1737 2 2 201 1 759 241 818
1738 2 2 201 1 244 660 842
1739 2 2 201 1 422 726 874
1740 2 2 201 1 747 102 870
1741 2 2 201 1 834 225 837
1742 2 2 201 1 773 441 844
1743 2 2 201 1 535 752 825
1744 2 2 201 1 697 218 832
1745 2 2 201 1 758 491 760
1746 2 2 201 1 674 444 851
1747 2 2 201 1 748 362 839
1748 2 2 201 1 763 455 859
1749 2 2 201 1 482 748 839
1750 2 2 201 1 675 674 851
1751 2 2 201 1 728 244 842
1752 2 2 201 1 748 498 842
1753 2 2 201 1 537 867 881
1754 2 2 201 1 423 561 866
1755 2 2 201 1 497 866 874
1756 2 2 201 1 446 859 875
1757 2 2 201 1 442 811 812
1758 2 2 201 1 728 508 872
1759 2 2 201 1 444 677 851
1760 2 2 201 1 837 207 855
1761 2 2 201 1 853 586 871
1762 2 2 201 1 404 578 880
1763 2 2 201 1 718 404 880
1764 2 2 201 1 711 423 866
1765 2 2 201 1 548 763 859
1766 2 2 201 1 360 813 862
1767 2 2 201 1 349 853 871
1768 2 2 201 1 351 840 887
1769 2 2 201 1 825 219 879
1770 2 2 201 1 750 539 841
1771 2 2 201 1 866 561 874
1772 2 2 201 1 478 808 841
1773 2 2 201 1 813 361 862
1774 2 2 201 1 867 538 881
1775 2 2 201 1 217 825 879
1776 2 2 201 1 578 405 675
$EndElements
